subject,y,base_score,protected_score,fused_score
14,0,-0.3581312732869786,0.12379265711228377,-0.3581312732869786
14,1,-0.21206554746676742,-0.3962245723280182,-0.21206554746676742
14,0,-0.5967609874601106,-1.1400092008442588,-0.5967609874601106
14,0,-0.39593211958329977,-0.2950172534202358,-0.39593211958329977
14,1,-0.22826348104014157,-0.4901928570451719,-0.22826348104014157
14,1,-0.09539137388112387,-0.10755219686150033,-0.09539137388112387
14,0,-0.7723531175124214,-0.5669899350380304,-0.7723531175124214
14,1,0.3685667271266875,0.46591504809245676,0.3685667271266875
14,0,-1.1628154388589336,-1.211058681632878,-1.1628154388589336
14,1,-0.313692968179942,-0.29702743837118895,-0.313692968179942
14,1,0.007545764435436164,-0.06344891935570124,0.007545764435436164
14,0,-0.6254982179953655,-0.17735539355447588,-0.6254982179953655
14,0,-0.5365096284851099,-0.29283463836171436,-0.5365096284851099
14,1,-0.3152789922076469,-0.03032535485537058,-0.3152789922076469
14,0,-0.3840305334471288,-0.021314838621291625,-0.3840305334471288
14,0,-0.48265518505497224,0.10341698819624692,-0.48265518505497224
14,0,-0.6271700998035079,-0.8119369366984057,-0.6271700998035079
14,0,-0.6979944632277072,-0.6594227790672882,-0.6979944632277072
14,0,-0.445245716092852,0.01735632779897031,-0.445245716092852
14,1,-0.6247536106959953,0.37736700377772087,-0.6247536106959953
14,1,-0.8410476210991683,-0.004006430309169973,-0.8410476210991683
14,1,0.5391341989146349,0.3594065488363067,0.5391341989146349
14,0,-0.006291564878052337,-0.09058585480224708,-0.006291564878052337
14,0,-0.2051714978190928,0.6257299118286056,-0.2051714978190928
14,1,-0.2008657838403863,-0.4601767938747584,-0.2008657838403863
14,0,-1.0326772614140143,-0.704371272887694,-1.0326772614140143
14,0,-0.6120903609848776,-0.978004018805082,-0.6120903609848776
14,1,0.13050039404990854,0.3176796072036361,0.13050039404990854
14,0,-0.7396966640110096,-0.3941295754714951,-0.7396966640110096
14,1,-0.9769495096832094,-1.5272655320856634,-0.9769495096832094
14,1,-1.0307377192198632,-0.24005046226497798,-1.0307377192198632
14,1,-0.24673875490445699,0.23046886770620065,-0.24673875490445699
14,0,-1.1162966087330481,-0.26114843083042705,-1.1162966087330481
14,0,-1.3978518595101088,-0.7934970156419737,-1.3978518595101088
14,1,-0.3385878992898897,0.15180545996369546,-0.3385878992898897
14,1,0.17426962679227181,0.5487899655196179,0.17426962679227181
14,0,-0.45047117204695397,-0.1941334681612845,-0.45047117204695397
14,0,-1.081259088681082,-0.559487225395444,-1.081259088681082
14,0,0.07352360418459018,0.7145117346793459,0.07352360418459018
14,0,-0.608117584981426,-0.44887626186603563,-0.608117584981426
14,1,0.23203923217057187,0.28569051174528504,0.23203923217057187
14,1,0.17009550289664366,0.31236595295096026,0.17009550289664366
14,0,-0.3175985670857305,0.060085605897323924,-0.3175985670857305
14,1,0.1719159655631509,0.47419216069231707,0.1719159655631509
14,0,-0.5911381281451064,-0.08679956388801535,-0.5911381281451064
14,0,-0.3142965140542661,-0.1342832850071476,-0.3142965140542661
14,0,0.8184619682216796,0.9568800375225444,0.8184619682216796
14,1,0.44962040187717395,0.7917751204422798,0.44962040187717395
14,0,-0.6387177485713752,-0.7013655991129928,-0.6387177485713752
14,0,-0.27646027140110296,-0.012584421587718553,-0.27646027140110296
14,0,-0.5848181885413251,-0.407619234509991,-0.5848181885413251
14,1,-0.3775419436960552,-0.5104353746783229,-0.3775419436960552
14,0,-0.16843437623615753,0.2503815316956929,-0.16843437623615753
14,0,-0.3669452019416763,0.04827137191376424,-0.3669452019416763
14,1,-0.4446255069446926,-1.3967119692348429,-0.4446255069446926
14,1,0.00015577606524692328,-0.6650750989308178,0.00015577606524692328
14,0,-0.6252021566835118,-1.1708165889916167,-0.6252021566835118
14,0,-0.2553666627348926,0.17802817312092095,-0.2553666627348926
14,1,-0.5048650234672194,-0.7212299179042101,-0.5048650234672194
14,1,0.0009856221673119323,-0.018516318671046694,0.0009856221673119323
14,0,-0.7216198415122403,-0.5737802532888461,-0.7216198415122403
14,0,-0.2169567161396356,0.04975368547939916,-0.2169567161396356
14,1,0.044431421026533066,0.27685278516731504,0.044431421026533066
14,1,-0.3668183147794367,-1.4791914920804654,-0.3668183147794367
14,1,-0.7406483570279808,-0.4451998888852571,-0.7406483570279808
14,1,-0.12534469590490485,-0.015898667868407906,-0.12534469590490485
14,1,0.5452562228414478,0.4584236704875838,0.5452562228414478
14,0,-0.9258384280089637,-1.4266233415517942,-0.9258384280089637
14,1,0.12478079080622986,0.39171753254974057,0.12478079080622986
14,0,-1.2313666802108827,-1.0469694662893203,-1.2313666802108827
14,1,-0.12276750838533439,-0.18213510357475202,-0.12276750838533439
14,1,-0.7938350118991337,-0.9111414406144704,-0.7938350118991337
14,1,0.0006169079335316398,0.049020365109288436,0.0006169079335316398
14,0,-0.14351517071864947,-0.08438810751624802,-0.14351517071864947
14,0,-0.06224893442629846,0.2039844547670125,-0.06224893442629846
14,0,-0.13580714896424784,0.5013402746007195,-0.13580714896424784
14,1,-0.43152851431165107,-0.04666894187850465,-0.43152851431165107
14,1,-0.11292206805998743,0.1392117835144364,-0.11292206805998743
14,0,-0.14293714375740021,0.11976698191331456,-0.14293714375740021
14,1,-0.4609539956965594,0.10723134319497879,-0.4609539956965594
14,0,-0.8528175516519707,-0.26467652889989424,-0.8528175516519707
14,1,0.0574240258470301,0.3714821896381576,0.0574240258470301
14,0,-0.40554714298766464,-0.011693225204079113,-0.40554714298766464
14,1,-0.15682179048055314,-0.4725503946905956,-0.15682179048055314
14,0,-0.04594126821669677,0.3996366548356069,-0.04594126821669677
14,1,-0.03829274365092837,-0.7635126614723327,-0.03829274365092837
14,1,0.863641134011485,1.4638223618445299,0.863641134011485
14,1,0.2954188588069906,0.36513665384399074,0.2954188588069906
14,0,-0.5321466803527977,-0.4457746356863029,-0.5321466803527977
14,1,-0.11243866281800895,0.26796740441351635,-0.11243866281800895
14,1,-0.1273457690717009,-0.6873504747913766,-0.1273457690717009
14,0,-0.8383148441901781,0.15156685184779606,-0.8383148441901781
14,1,-0.14002378254823727,0.04137618132781068,-0.14002378254823727
14,0,-0.2331630075500435,-0.47135765533752505,-0.2331630075500435
14,1,0.16981100893604512,-0.10598279916008022,0.16981100893604512
14,0,0.4178422548675562,-0.004948597863860982,0.4178422548675562
14,1,-0.07418897578286532,-0.21464746024148956,-0.07418897578286532
14,0,-0.8112114528944983,-0.6869040496873262,-0.8112114528944983
14,1,0.10543086536631546,-0.00934839911052604,0.10543086536631546
14,1,-0.5188363925746409,-1.054875529691166,-0.5188363925746409
14,0,0.2094419857417119,0.32360623441018244,0.2094419857417119
14,1,-0.3341134696636007,-0.3476026766396644,-0.3341134696636007
14,0,0.5912388413913688,0.469678349940511,0.5912388413913688
14,0,0.8527351260867414,0.8455061506980566,0.8527351260867414
14,1,1.6198969001962142,1.4835888923221565,1.6198969001962142
14,1,0.865609601133803,1.1130076828968338,0.865609601133803
14,0,0.5880064806687125,0.3634658294107221,0.5880064806687125
14,1,1.0632929354726905,0.6955329015858095,1.0632929354726905
14,0,0.9916318451409373,1.2930258150963394,0.9916318451409373
14,0,0.24742899696293363,-0.6775698951513714,0.24742899696293363
14,1,0.823081467890777,0.15972450292545295,0.823081467890777
14,1,1.2918987996299387,0.7754003743082343,1.2918987996299387
14,0,0.9936710525767071,0.6770757876443397,0.9936710525767071
14,0,0.2754186595856998,0.48827715874358935,0.2754186595856998
14,1,1.1751938409078857,0.8603986452392549,1.1751938409078857
14,0,0.9499816253879638,0.9079796640756229,0.9499816253879638
14,0,0.9259325388259706,0.816356874432585,0.9259325388259706
14,0,-0.28052328060437964,0.12051559326682915,-0.28052328060437964
14,0,0.8585205309219882,0.5123312761257914,0.8585205309219882
14,1,0.44724619975703594,0.30560002410294573,0.44724619975703594
14,1,1.4375504850155283,1.0754708015312442,1.4375504850155283
14,0,0.8908143224164372,0.8044151084780514,0.8908143224164372
14,1,0.45106795829132595,0.5422441594170873,0.45106795829132595
14,1,0.02651229047650001,-0.08855955701264087,0.02651229047650001
14,1,1.0127141353569953,0.8423112213052322,1.0127141353569953
14,0,1.7233185048594546,1.030116732425324,1.7233185048594546
14,1,0.46676858746113414,0.46200438554986994,0.46676858746113414
14,0,-0.03751323452190752,-0.3837562093919641,-0.03751323452190752
14,0,1.2426677334860803,0.7890979848480728,1.2426677334860803
14,1,0.6922814755133421,0.6926762998705305,0.6922814755133421
14,0,1.138108729383,1.0493520614461966,1.138108729383
14,1,0.7333632575475564,0.6471688496314988,0.7333632575475564
14,0,0.31949163027393207,-0.27196208794468335,0.31949163027393207
14,1,1.8915226213753267,1.5440995244827966,1.8915226213753267
14,1,0.03828202452843173,-0.09523387699668834,0.03828202452843173
14,0,0.0705223743360795,0.05903649263458638,0.0705223743360795
14,0,0.16347900417880284,0.22562430526363142,0.16347900417880284
14,1,0.6375853271535927,0.1289771383558117,0.6375853271535927
14,0,1.8537313643214954,1.2554730969728713,1.8537313643214954
14,0,0.027138673027013872,-0.5617771664240512,0.027138673027013872
14,0,0.5105760199727614,-0.2618332445679563,0.5105760199727614
14,0,0.04187798391220112,-0.029580268745697497,0.04187798391220112
14,1,0.5764229377417974,0.42708189944060254,0.5764229377417974
14,0,0.31333014897228273,0.264839558595781,0.31333014897228273
14,1,0.5307872087289511,-0.06427299836223055,0.5307872087289511
14,0,-0.4575704603040451,0.3959788956842245,-0.4575704603040451
14,0,1.150797340806496,0.922160422482389,1.150797340806496
14,0,-0.32241124021078327,-0.17338903892044272,-0.32241124021078327
14,1,0.5516138906124034,-0.15036903425910675,0.5516138906124034
14,0,0.9353533669698523,0.8277622978349433,0.9353533669698523
14,0,0.9480752001405547,0.5958841225285677,0.9480752001405547
14,0,0.5380848318648681,0.6832206499793201,0.5380848318648681
14,0,1.5822674550593752,1.6976782256240255,1.5822674550593752
14,1,1.9212905644776899,1.959291223539393,1.9212905644776899
14,0,0.6126261009587523,0.6317775595450358,0.6126261009587523
14,0,-0.028163369392464374,0.495475862478104,-0.028163369392464374
14,1,-0.7160442996069004,-0.13440012507085788,-0.7160442996069004
14,1,1.452292556737949,1.3720096083508166,1.452292556737949
14,0,-0.26918601876874115,-0.15414100768598937,-0.26918601876874115
14,0,0.19772394451883216,0.5863472801201086,0.19772394451883216
14,1,1.5128542298879581,1.487393899028783,1.5128542298879581
14,1,0.5318648195038664,0.4529110918698259,0.5318648195038664
14,0,-0.2337288252571933,-0.033424179764680345,-0.2337288252571933
14,1,1.4468026892122339,1.370351993750349,1.4468026892122339
14,1,0.9544135322258335,0.7575929794813683,0.9544135322258335
14,1,0.8624443651085776,0.7414663129555017,0.8624443651085776
14,1,1.1153896655143642,0.9616124212354209,1.1153896655143642
14,0,0.26214120055300794,-0.37279294909409794,0.26214120055300794
14,0,-0.2730955214918275,-0.017256965405116988,-0.2730955214918275
14,1,1.0570419021742345,0.8099059944428286,1.0570419021742345
14,0,0.6415738756269325,0.5771359891671407,0.6415738756269325
14,1,0.66841814777445,0.634355898245069,0.66841814777445
14,1,0.9247493415831995,0.40739145288075845,0.9247493415831995
14,1,1.0426065814110337,-0.03386140260971818,1.0426065814110337
14,0,-0.37836729975322475,-0.38129966904214874,-0.37836729975322475
14,1,1.980360507817814,1.5999173962890416,1.980360507817814
14,0,1.1506760866692163,1.0284980593704123,1.1506760866692163
14,0,0.5623232928659834,0.7294625415258216,0.5623232928659834
14,1,1.1270830917281744,1.7622689128487548,1.1270830917281744
14,1,1.9031856554544686,1.9857946530651343,1.9031856554544686
14,1,0.23866083991105086,0.4235294803550763,0.23866083991105086
14,0,1.2194195320728254,0.7049661716025779,1.2194195320728254
14,1,0.8743809807999653,0.5834806304737201,0.8743809807999653
14,1,2.032621355386696,1.9120902578295447,2.032621355386696
14,0,-0.23157905333151005,-0.2233458161751149,-0.23157905333151005
14,1,-0.057777701214172875,-0.3714910374669478,-0.057777701214172875
14,0,-0.2891805325648397,0.05860294745703195,-0.2891805325648397
14,1,1.079160773783406,1.1890809735865355,1.079160773783406
14,1,0.8227842537738151,0.3329770981289763,0.8227842537738151
14,1,0.7546352366041297,0.8073105819956863,0.7546352366041297
14,1,1.3760590221456017,1.2577050883739136,1.3760590221456017
14,1,1.0255530306464022,0.9069009658122923,1.0255530306464022
14,0,0.1322033098955634,-0.24874563375410952,0.1322033098955634
14,1,0.6995641121828537,0.42577049039871107,0.6995641121828537
14,0,0.16822222079609245,0.4746152740901425,0.16822222079609245
14,0,-0.08678371874042833,-0.22750023994691126,-0.08678371874042833
14,1,1.0477331057267676,1.1290685985158189,1.0477331057267676
14,0,0.04310707720833859,0.139054701760655,0.04310707720833859
14,1,0.19777123572838048,0.2661235325311561,0.19777123572838048
14,1,1.147548526410933,1.4196092729048817,1.147548526410933
16,0,0.33315239700506816,-0.21480826235116715,0.33315239700506816
16,0,-0.07783644459487403,-0.4847484823319975,-0.07783644459487403
16,0,-0.8908467057599285,-1.541460362779983,-0.8908467057599285
16,1,0.6291204888457216,0.10719128835502761,0.6291204888457216
16,0,-0.3768231959112691,-0.08628421883584525,-0.3768231959112691
16,1,0.9562339162919924,0.6429430152088653,0.9562339162919924
16,1,-0.1742511950106002,-0.7649569285453202,-0.1742511950106002
16,1,1.3692463631585707,1.1689521674709928,1.3692463631585707
16,1,0.7774425948639994,0.6317129398350455,0.7774425948639994
16,1,0.8244571835866012,0.3474789659656867,0.8244571835866012
16,1,0.620706426362839,0.833922233774733,0.620706426362839
16,1,0.23996104687229444,-0.7706449149113246,0.23996104687229444
16,0,-0.2530963702751804,-0.7965719930016048,-0.2530963702751804
16,1,0.6648667220380101,0.10597179645675187,0.6648667220380101
16,1,0.05631473913175804,-0.1301451902821453,0.05631473913175804
16,0,-0.04370964057830918,-0.6191454691093681,-0.04370964057830918
16,0,-0.0018248086107641845,-0.39659363015913474,-0.0018248086107641845
16,1,0.07648516050730668,-0.5070649779274168,0.07648516050730668
16,1,0.29554233995413803,-0.1900470260851268,0.29554233995413803
16,1,0.6338944119990724,0.5142467273881814,0.6338944119990724
16,0,-0.3289098908064367,-1.141700747925505,-0.3289098908064367
16,0,0.18302203757438254,-0.6154357316166741,0.18302203757438254
16,1,0.35173912616324426,0.047770780759250814,0.35173912616324426
16,0,-0.1872654214769032,-0.9208259562590653,-0.1872654214769032
16,0,0.4216542145584274,-0.5004299063437203,0.4216542145584274
16,0,-0.026820076340305452,-0.6416469439911068,-0.026820076340305452
16,0,-0.09061209935406092,-0.9837837839581856,-0.09061209935406092
16,0,0.29467309870251235,-0.36980580511244127,0.29467309870251235
16,1,0.6104525393276563,0.09626054496586581,0.6104525393276563
16,0,-0.6153063728350916,-1.4820424330938278,-0.6153063728350916
16,0,0.06068595340069765,-0.3904247743743077,0.06068595340069765
16,0,-1.0239934949360678,-1.3056848580041074,-1.0239934949360678
16,0,-0.8824372020972462,-0.9469125969434872,-0.8824372020972462
16,0,1.1234446292060727,0.756895894832467,1.1234446292060727
16,1,0.5232331912569456,0.30144439798266137,0.5232331912569456
16,0,-0.38218337286232257,-0.8382587469634641,-0.38218337286232257
16,1,-0.3068331489839432,0.15201766755438167,-0.3068331489839432
16,0,0.04866416113189083,0.13956545071748738,0.04866416113189083
16,0,-0.3628772671165741,-0.6278680310792053,-0.3628772671165741
16,1,0.199885113495016,-0.456042616791054,0.199885113495016
16,1,-0.08043122549240113,-0.5963546742042583,-0.08043122549240113
16,1,0.4593556314141747,0.4452128844615311,0.4593556314141747
16,1,-0.27943359157594533,-0.39498271478559843,-0.27943359157594533
16,1,0.4007873940971202,0.3872294894376085,0.4007873940971202
16,1,-0.2302282801462065,-0.7267738940988031,-0.2302282801462065
16,0,0.03604486211551943,-0.3686597371714249,0.03604486211551943
16,0,0.04972327134982982,-0.03525697300388433,0.04972327134982982
16,0,-0.4067972291268218,-0.7512936871411728,-0.4067972291268218
16,0,-0.6474678537432698,-1.3652156555489263,-0.6474678537432698
16,0,-1.1769885488602732,-1.2329175555831764,-1.1769885488602732
16,0,-0.17502901095711854,-0.7161096695567404,-0.17502901095711854
16,0,0.1989287175572061,-0.40124929007357113,0.1989287175572061
16,1,-0.6706888070357875,-0.6539471628571986,-0.6706888070357875
16,1,-0.6020819166372564,-1.0172401318489066,-0.6020819166372564
16,1,-1.8682659311244576,-2.597980484825821,-1.8682659311244576
16,1,-0.3394087227269751,-1.0256592207821447,-0.3394087227269751
16,1,0.8239787170665063,0.3428077015878451,0.8239787170665063
16,0,-0.29514496279335173,-1.0834590016682204,-0.29514496279335173
16,1,0.9398368356361935,0.7565385248259647,0.9398368356361935
16,1,1.0612862161808765,0.6254108412587777,1.0612862161808765
16,0,0.6754905547124295,-0.18880825594728917,0.6754905547124295
16,1,0.8461812718464795,0.4593014461104957,0.8461812718464795
16,0,-0.09574198383468371,-0.3902771093008451,-0.09574198383468371
16,1,0.6829982503791822,-0.12587969303061408,0.6829982503791822
16,1,0.5082500260662349,-0.24854650232428332,0.5082500260662349
16,1,0.3021866107950377,-0.20110454597169963,0.3021866107950377
16,0,0.02704766364874946,-0.6028639246789614,0.02704766364874946
16,1,1.0120784157401088,0.3309901181181787,1.0120784157401088
16,1,0.8536583657776353,0.5551075497051228,0.8536583657776353
16,0,-0.307166597861462,-0.5860001225809501,-0.307166597861462
16,0,0.04020299739030167,-0.5885947581603562,0.04020299739030167
16,0,0.7826471431254589,0.5604694709766403,0.7826471431254589
16,1,0.6449064255935293,0.24604826053802742,0.6449064255935293
16,0,-0.3407525528815139,-1.4942134685708277,-0.3407525528815139
16,1,0.5122626786463804,0.1746981037815794,0.5122626786463804
16,1,0.29708044396950833,-0.8641830046392791,0.29708044396950833
16,1,-0.021712651909203597,-0.07641170564192235,-0.021712651909203597
16,1,-0.21192259963336266,-0.8719018211560982,-0.21192259963336266
16,1,0.21501968915662953,-0.41918168325476557,0.21501968915662953
16,0,-0.8160927441235993,-0.6312919817248397,-0.8160927441235993
16,0,-1.2358911258587937,-1.5296904016831971,-1.2358911258587937
16,0,-0.2240848245244293,-0.48060175402138705,-0.2240848245244293
16,0,-0.633882202744973,-1.2425780994624078,-0.633882202744973
16,1,-0.08949027588323824,-0.44558397313188924,-0.08949027588323824
16,1,-0.15138306558145215,-0.8285078984120042,-0.15138306558145215
16,0,-0.23302304652987335,-0.8086671272891701,-0.23302304652987335
16,1,0.6914043480267723,0.4893458077524761,0.6914043480267723
16,0,-0.4943886450461728,-0.9017450912158065,-0.4943886450461728
16,1,0.07222566353338868,-0.37461566230669663,0.07222566353338868
16,0,0.8029178585454125,0.4562103526550103,0.8029178585454125
16,1,0.48208234571670944,0.23645366705576504,0.48208234571670944
16,1,0.7851455861961112,0.5343290185848577,0.7851455861961112
16,0,-0.8078350963337935,-1.2901764375389744,-0.8078350963337935
16,1,0.027804401601870768,-0.4480633111530352,0.027804401601870768
16,0,-1.6348243639401108,-1.6660867978286553,-1.6348243639401108
16,0,-0.9371540485487091,-1.6125977716210667,-0.9371540485487091
16,0,0.6407745624851596,0.49405077733497615,0.6407745624851596
16,0,-0.30707987547719334,-0.7650946200456307,-0.30707987547719334
16,0,-0.09398219408701944,-0.5224595324410378,-0.09398219408701944
16,1,0.819822540250402,0.24882737416723005,0.819822540250402
16,0,0.048271591692407634,-0.2063418086255404,0.048271591692407634
16,1,0.6808851062157972,-0.005499528848564,0.6808851062157972
16,0,-0.08031557817996553,-0.44299994630223827,-0.08031557817996553
16,0,-1.0777436619041543,-1.2290025994261005,-1.0777436619041543
16,1,-0.21984616974286347,-0.8632596053488191,-0.21984616974286347
16,1,1.1510486523200625,0.9051721680869003,1.1510486523200625
16,0,-0.6384782271100506,-0.9023874144399039,-0.6384782271100506
16,1,0.6590326897872941,0.6802536585208023,0.6590326897872941
16,0,0.1404189719993298,-0.12954030445948697,0.1404189719993298
16,0,-0.19693439092030407,-0.9472215161773471,-0.19693439092030407
16,1,0.599338397680668,0.1923350387424691,0.599338397680668
16,1,-0.05807760739306327,-0.7044408249397548,-0.05807760739306327
16,0,-0.6443136217668035,-1.1501275001225078,-0.6443136217668035
16,0,-0.21672054829317106,-0.2990510315434905,-0.21672054829317106
16,1,-0.23921691117501398,-0.48702327739863954,-0.23921691117501398
16,0,-0.0009722863082204685,-0.21429575373100573,-0.0009722863082204685
16,0,-1.4432818128111586,-1.6440676236673253,-1.4432818128111586
16,0,-1.5263229759682468,-1.8599934815924548,-1.5263229759682468
16,0,-1.4214326975972835,-1.3685389704349977,-1.4214326975972835
16,1,0.2491054113911602,-0.41202370862349275,0.2491054113911602
16,1,-0.49584710070861965,-0.8449317199710566,-0.49584710070861965
16,0,-0.15905204916287485,-0.3539594254564693,-0.15905204916287485
16,1,0.5390872483065958,0.17710415598596835,0.5390872483065958
16,1,-0.019786851675943472,-0.08893672313421946,-0.019786851675943472
16,1,0.45862024655566935,0.41097420535530305,0.45862024655566935
16,0,-0.5857447818470789,-0.8654699903638791,-0.5857447818470789
16,1,0.9549516826103888,0.6542417649460008,0.9549516826103888
16,0,-0.577424463379578,-0.676231110388455,-0.577424463379578
16,0,-0.16192769530492157,-0.379187608414043,-0.16192769530492157
16,1,0.37837767499919767,0.20812604928040873,0.37837767499919767
16,0,-0.3851536538236981,-0.5199147056301684,-0.3851536538236981
16,1,-0.27546699879989184,-0.22679250539131685,-0.27546699879989184
16,0,-0.9099463807909782,-1.046154788719953,-0.9099463807909782
16,1,1.1562997843879357,1.2086469583370179,1.1562997843879357
16,1,0.9650181864152725,0.6168756008668681,0.9650181864152725
16,0,-1.0423364058138802,-1.3207419980087083,-1.0423364058138802
16,0,-0.24056957076867622,-0.6399393762917681,-0.24056957076867622
16,1,0.11719770430541887,-0.5046444770071882,0.11719770430541887
16,0,-1.010587943535796,-1.5357118648583894,-1.010587943535796
16,0,-1.098026743778904,-1.318045341651649,-1.098026743778904
16,0,-0.6858287537212001,-0.9381054619157667,-0.6858287537212001
16,0,-0.6010061398704676,-0.6444800897206338,-0.6010061398704676
16,1,0.05982571188894996,-0.3828573462956678,0.05982571188894996
16,0,-0.5575438676882528,-0.9032365716033387,-0.5575438676882528
16,1,-0.12452634837879029,-0.6213380987094428,-0.12452634837879029
16,0,-1.1232031689361575,-1.8186117978547867,-1.1232031689361575
16,0,-1.4931909379595105,-2.3034916266205197,-1.4931909379595105
16,0,-1.6096343147224887,-2.3623698920263556,-1.6096343147224887
16,1,0.3600749288993563,-0.005728510232121536,0.3600749288993563
16,0,-0.44777235048842057,-0.7207712964872421,-0.44777235048842057
16,0,-0.08961943590554894,-0.35951119113265034,-0.08961943590554894
16,0,-0.6156477079475545,-1.0301158603206766,-0.6156477079475545
16,0,-1.0377262333861121,-1.1873193700094018,-1.0377262333861121
16,1,0.018709463602014934,-0.21345492524670914,0.018709463602014934
16,0,-0.7043712570834109,-0.7863588923217223,-0.7043712570834109
16,0,-1.3009302940486749,-1.564085411504757,-1.3009302940486749
16,1,-0.6698583681560959,-1.1787961743925883,-0.6698583681560959
16,1,0.36162309375930635,0.5103966279272789,0.36162309375930635
16,0,-1.2144950630524027,-1.4685510880735662,-1.2144950630524027
16,0,-1.0141986339348388,-1.0459761356509083,-1.0141986339348388
16,1,0.5180197349560144,0.49818862743074466,0.5180197349560144
16,1,0.6248849256778547,0.48075914660953345,0.6248849256778547
16,0,-0.06081677058035124,-0.2885117653417911,-0.06081677058035124
16,1,-0.032692740662200875,-0.37912820771723005,-0.032692740662200875
16,1,0.40247884739198425,0.10743070913299106,0.40247884739198425
16,1,0.05519826048461837,-0.06827050008836413,0.05519826048461837
16,1,-0.2656259469939905,-0.5008542096604891,-0.2656259469939905
16,0,-0.5632146732157078,-0.9903107225099206,-0.5632146732157078
16,0,-1.5232354494873541,-2.17040828348865,-1.5232354494873541
16,1,1.0885010103701849,1.2244115606393606,1.0885010103701849
16,0,-0.7979373212765503,-1.2908827218370567,-0.7979373212765503
16,1,-0.3391573588131765,-0.5989517113344117,-0.3391573588131765
16,1,0.12665869722727152,-0.18292934366062658,0.12665869722727152
16,1,0.07876986303087016,-0.3173029523076748,0.07876986303087016
16,0,-0.4336274842122295,-0.910012730816204,-0.4336274842122295
16,1,0.29998360023345294,-0.29197138944416146,0.29998360023345294
16,0,-1.3093971235653692,-1.9565646732370332,-1.3093971235653692
16,0,-1.5816154913705107,-1.883896644677588,-1.5816154913705107
16,1,0.36434295401106265,0.10068212367741028,0.36434295401106265
16,1,0.2616429267451465,-0.40946080778637917,0.2616429267451465
16,1,0.8843104055974491,0.5073933477594734,0.8843104055974491
16,0,-0.15567924271790068,-0.5109399850677561,-0.15567924271790068
16,1,1.6109379276988243,1.5164602916197745,1.6109379276988243
16,1,-0.12117235361717106,-0.6203589341914278,-0.12117235361717106
16,0,-0.6449136568255711,-1.207115594777354,-0.6449136568255711
16,1,-0.17645986479726108,-0.6467039958286709,-0.17645986479726108
16,0,0.24942374280169316,0.1465152567380706,0.24942374280169316
16,1,0.7569205155302472,0.5312572695026974,0.7569205155302472
16,1,0.5379492724642017,0.35101428333805085,0.5379492724642017
16,1,1.1582438330020548,1.228730621625023,1.1582438330020548
16,1,1.1191232868581167,1.2049872035899205,1.1191232868581167
16,1,0.6531462573043918,0.31426335704820063,0.6531462573043918
16,0,-0.6859002800381347,-0.8860101601564352,-0.6859002800381347
16,1,0.8411843857051751,0.3622761954352197,0.8411843857051751
16,0,-0.7777011376096076,-1.1512147599637408,-0.7777011376096076
16,0,0.47235943023427257,-0.037161443149230276,0.47235943023427257
16,1,0.4487702605101802,0.36036951172634757,0.4487702605101802
16,0,-0.042350745357016724,-0.49880505272286163,-0.042350745357016724
16,1,1.0392280240405771,0.6912394121956301,1.0392280240405771
16,1,0.41167815355429754,0.07952287268479474,0.41167815355429754
17,0,-0.3138386670255366,-0.8472163840364209,-0.3138386670255366
17,1,0.45246788289442047,0.0693308599513555,0.45246788289442047
17,0,-0.31875580001345316,-0.8240987857855995,-0.31875580001345316
17,0,0.007567751245360167,-1.0794090572590949,0.007567751245360167
17,1,0.2062164239491818,-0.26079954894851876,0.2062164239491818
17,1,0.2436018674048445,-0.10546477348458072,0.2436018674048445
17,0,0.19473500907479824,-0.28505812946023495,0.19473500907479824
17,1,0.023658400255854216,-0.7841518057416895,0.023658400255854216
17,0,-0.006100923008314323,-0.6768552791996991,-0.006100923008314323
17,0,-0.7319584073226364,-1.7594212714140929,-0.7319584073226364
17,1,0.20362056884689486,-0.2441475015250068,0.20362056884689486
17,1,0.07251796512858301,-1.0471249778870286,0.07251796512858301
17,0,-0.3144640375965664,-0.5883505505737723,-0.3144640375965664
17,0,-0.04612512098135212,-0.5284001568377897,-0.04612512098135212
17,1,0.12360633130217584,-1.00581333960914,0.12360633130217584
17,0,-0.8165863543107961,-1.1432981815290337,-0.8165863543107961
17,0,-0.3815602555012768,-1.0728457438601524,-0.3815602555012768
17,0,-0.1993029731155401,-0.8656305797939474,-0.1993029731155401
17,0,-1.3405394199575198,-1.9720758269373309,-1.3405394199575198
17,1,0.26205065295178964,-0.2807358261947829,0.26205065295178964
17,1,0.5359915473894818,-0.07411436640864189,0.5359915473894818
17,0,-0.615140683300918,-1.2961051554933647,-0.615140683300918
17,1,0.034158945008982255,-0.6001635596085688,0.034158945008982255
17,1,-0.19327783721804,-0.618052603152017,-0.19327783721804
17,1,0.4808770879761878,0.33209428522806106,0.4808770879761878
17,0,-0.07636077545615398,-0.25049004838599,-0.07636077545615398
17,1,0.23582043292514956,-0.141707387157606,0.23582043292514956
17,0,-0.9410724331111511,-1.2884428354713153,-0.9410724331111511
17,0,-0.6356153404245414,-0.8972461899038529,-0.6356153404245414
17,1,0.7198096754913578,0.2949171632065708,0.7198096754913578
17,0,-0.6920888522598245,-1.1645663696336386,-0.6920888522598245
17,1,0.8070581056909321,0.17143939431349509,0.8070581056909321
17,0,0.12027769825293488,0.16219798734425941,0.12027769825293488
17,1,0.6831076620639875,0.15739281284772866,0.6831076620639875
17,1,0.6693286018086904,0.38658571239735406,0.6693286018086904
17,0,0.47119588307857135,-0.05539884632266051,0.47119588307857135
17,0,0.3136714840847456,-0.5861739127218549,0.3136714840847456
17,1,0.7696928625247773,-0.3709910357716725,0.7696928625247773
17,0,-0.41612287224893674,-1.099512023086399,-0.41612287224893674
17,0,-0.04506174341950445,-0.6676285529190247,-0.04506174341950445
17,0,-0.4026874003160865,-0.9114754480731269,-0.4026874003160865
17,0,-0.432602090268688,-0.9093428499828955,-0.432602090268688
17,1,0.9792004140570125,0.36712754712573403,0.9792004140570125
17,0,-0.6265273061552761,-1.6735871509360167,-0.6265273061552761
17,1,0.6394928528058779,0.11278378935640598,0.6394928528058779
17,0,0.12864754803991005,-0.4337771535314089,0.12864754803991005
17,0,-0.032654010340586036,-1.0308863995648156,-0.032654010340586036
17,0,0.17591503338310197,-0.515738803735054,0.17591503338310197
17,1,0.6198856291258698,0.1382478254648618,0.6198856291258698
17,0,-0.49135509080443207,-1.2304556802011644,-0.49135509080443207
17,0,-0.141917998541547,-0.7195068861470144,-0.141917998541547
17,0,-0.7497339284863334,-1.2243037614145196,-0.7497339284863334
17,0,-0.06390741487505916,-0.7258445531582182,-0.06390741487505916
17,1,0.6923932452085959,0.1873643424546707,0.6923932452085959
17,0,-0.5496146121535598,-1.355324534078569,-0.5496146121535598
17,0,-0.5849590927656745,-1.2085773372568178,-0.5849590927656745
17,1,1.1576366191114775,-0.027614014197441417,1.1576366191114775
17,1,0.4276268716233927,-0.32278916769732746,0.4276268716233927
17,0,-0.7746936262832635,-1.256633314485705,-0.7746936262832635
17,0,-0.35868972876150623,-0.9387091500232358,-0.35868972876150623
17,1,0.5341394611828502,-0.23551864121546678,0.5341394611828502
17,1,0.21741296496128346,-0.8608168852558187,0.21741296496128346
17,0,-0.6421348201124889,-1.0359782241050353,-0.6421348201124889
17,1,-0.23198085831191612,-0.9674522246758577,-0.23198085831191612
17,1,1.3867257182099497,0.7580883547636061,1.3867257182099497
17,1,0.2879127089470874,-0.7904033869450181,0.2879127089470874
17,1,0.6926106013717055,-0.12632417547236743,0.6926106013717055
17,0,-0.9251342736888415,-1.3350526417646393,-0.9251342736888415
17,0,-0.5212338079976375,-1.282405560667264,-0.5212338079976375
17,1,-0.10865307354398564,-0.6761248077763312,-0.10865307354398564
17,0,-0.6566499988295419,-1.419994857756841,-0.6566499988295419
17,1,-0.29583109143360176,-1.0558944613845993,-0.29583109143360176
17,1,0.443706564072838,-0.2114441856509291,0.443706564072838
17,1,0.5359834777537251,0.2488565587384528,0.5359834777537251
17,0,0.4050095690056634,-0.04546752883298788,0.4050095690056634
17,1,1.0722870161256455,0.238002229966587,1.0722870161256455
17,0,-0.21288922671650698,-0.4458489419527796,-0.21288922671650698
17,0,-0.31874034194495815,-0.7966985393284365,-0.31874034194495815
17,1,-0.11590319586942557,-0.7219745364666796,-0.11590319586942557
17,1,1.1507992272148546,0.8349890490995302,1.1507992272148546
17,1,0.06229889804768828,-0.6253582127989284,0.06229889804768828
17,0,0.6005253677401565,0.5850055322501269,0.6005253677401565
17,1,0.7669012925552738,0.08124903069969375,0.7669012925552738
17,1,0.5721931909997033,-0.6767435096597922,0.5721931909997033
17,0,-0.1680414923952812,-0.5847250926555023,-0.1680414923952812
17,1,0.21483736254873662,-0.38114879595317974,0.21483736254873662
17,0,-0.29580439351530274,-0.5249749641965389,-0.29580439351530274
17,1,-0.7400455447569074,-1.6095167871234048,-0.7400455447569074
17,1,1.2513227846367885,0.45769284463957793,1.2513227846367885
17,1,0.4322971733175948,-0.22352720836528894,0.4322971733175948
17,1,0.4415132475542078,0.28092659242593193,0.4415132475542078
17,1,0.29337066473140083,-0.7889333223333234,0.29337066473140083
17,0,-1.6112614467323438,-1.2201967689404238,-1.6112614467323438
17,1,0.3499646447004807,-0.3708380282565767,0.3499646447004807
17,0,-0.0015495665661610692,-0.8752708173777,-0.0015495665661610692
17,0,-0.7137571866726564,-0.6697166211451735,-0.7137571866726564
17,1,0.5820401902319579,0.20669944480964367,0.5820401902319579
17,0,-0.5660371593222013,-0.9117104579288481,-0.5660371593222013
17,1,1.0726457481151943,0.4399982675192218,1.0726457481151943
17,1,-0.24192055355490852,-0.961572194465203,-0.24192055355490852
17,0,0.036925579017993995,-0.18168304692560466,0.036925579017993995
17,0,0.22976165607858573,-0.1298527747956713,0.22976165607858573
17,1,0.1915579043969826,0.008437782030262408,0.1915579043969826
17,1,-0.1572060675832928,-0.4805418921135607,-0.1572060675832928
17,0,0.020830140298776646,-0.37216528589317166,0.020830140298776646
17,0,0.32100995320165193,0.06410395920915085,0.32100995320165193
17,1,0.09487528399431905,-0.3378630881143793,0.09487528399431905
17,0,-0.17137298125717634,-0.40629909866766445,-0.17137298125717634
17,1,0.8399130512718663,0.2762108305152572,0.8399130512718663
17,1,0.6913384285346816,0.6402437984948489,0.6913384285346816
17,0,0.36514923638371627,0.17566059714134502,0.36514923638371627
17,1,0.405516619852416,0.08907426198616492,0.405516619852416
17,0,0.6283097000530998,0.6091759270572761,0.6283097000530998
17,0,0.32815095204356354,0.043701086699305836,0.32815095204356354
17,1,-0.3241043179128451,-0.6359114826634317,-0.3241043179128451
17,1,0.22096779671281547,-0.11501011242535508,0.22096779671281547
17,1,0.1956436291009121,0.03185206473404928,0.1956436291009121
17,0,0.4901876136313169,0.33045053101369165,0.4901876136313169
17,1,0.3298924213600496,0.10195644131002085,0.3298924213600496
17,1,0.16810230286473365,0.2759110431772375,0.16810230286473365
17,0,-0.02122049582844996,-0.39804212454695465,-0.02122049582844996
17,1,0.15612455299107958,-0.20168319838099869,0.15612455299107958
17,0,-0.10220181895834494,-0.2962520134184443,-0.10220181895834494
17,0,0.06359213577805105,-0.1405623620909977,0.06359213577805105
17,0,-0.10200171557168276,-0.35560997065012945,-0.10200171557168276
17,0,0.07611047264705711,-0.10282199582259985,0.07611047264705711
17,1,0.6955904977756873,0.536015948842443,0.6955904977756873
17,0,-0.11998047103591503,-0.4295687085643588,-0.11998047103591503
17,1,-0.04717757964481793,-0.3744223086601171,-0.04717757964481793
17,0,-0.04031548103871901,-0.22223001499779693,-0.04031548103871901
17,1,0.38270417877002416,0.08837577379432004,0.38270417877002416
17,0,-0.042184806921740134,-0.4209830324179107,-0.042184806921740134
17,1,0.6904331097231956,0.4696572265838786,0.6904331097231956
17,0,0.1541743211495625,-0.10568633311604603,0.1541743211495625
17,0,0.25329868757165247,0.011350680002487179,0.25329868757165247
17,0,0.5052525755844707,0.2301253222895221,0.5052525755844707
17,1,0.1793403055605529,-0.238519919825041,0.1793403055605529
17,0,0.021434812778092737,-0.2898158212691862,0.021434812778092737
17,0,-0.28484818616812446,0.021109942424925615,-0.28484818616812446
17,0,-0.11045912614664156,0.06200149964219734,-0.11045912614664156
17,1,0.07345367607473731,-0.13812420586867225,0.07345367607473731
17,1,0.19372099908169926,0.1005577927345932,0.19372099908169926
17,1,0.44527668463007425,1.1281903695629658,0.44527668463007425
17,1,-0.21434983078847344,-0.3458447552004823,-0.21434983078847344
17,0,-0.519859978710172,-0.1688975851790982,-0.519859978710172
17,1,0.7337424780278902,0.4867123949793415,0.7337424780278902
17,1,0.28647974599759934,-0.2695638481018141,0.28647974599759934
17,1,0.6722332514792524,1.0350205334396292,0.6722332514792524
17,0,-0.796563596789549,-0.7930991557923298,-0.796563596789549
17,1,0.08676342020048508,-0.020180777598509225,0.08676342020048508
17,0,-0.07733590447697056,-0.22210748372577152,-0.07733590447697056
17,1,0.4714415353670617,0.5279912125845513,0.4714415353670617
17,1,0.7121226138298308,0.6238237437466748,0.7121226138298308
17,1,0.21969017425164428,-0.0884552245985823,0.21969017425164428
17,1,-0.01127778511584594,0.023838283346308775,-0.01127778511584594
17,0,0.23489805783808673,-0.04437955555902401,0.23489805783808673
17,0,0.17006677446934743,-0.18308251673795384,0.17006677446934743
17,0,-0.09142674611377734,-0.2904630164106724,-0.09142674611377734
17,1,0.00819788532499713,-0.37733931303387747,0.00819788532499713
17,0,-0.08337471683507132,-0.25243674801370486,-0.08337471683507132
17,0,0.02990989533135644,-0.33479520171732635,0.02990989533135644
17,0,-0.14131003794766117,-0.5519989718303842,-0.14131003794766117
17,1,0.4973785498945022,0.22867959404878302,0.4973785498945022
17,1,0.8941872205618178,0.4487800300712216,0.8941872205618178
17,0,0.15649174761812648,-0.021021430235521554,0.15649174761812648
17,0,-0.41344391037840206,-0.8160869016900678,-0.41344391037840206
17,0,-0.12915640669467315,0.5038997713122175,-0.12915640669467315
17,0,-0.5984416725072604,-1.0879121029091843,-0.5984416725072604
17,1,0.7285226812988643,0.28517430939581856,0.7285226812988643
17,1,0.6594589656761314,0.4961244425153424,0.6594589656761314
17,1,0.6285968533254819,0.4529450583423398,0.6285968533254819
17,0,0.052714365028426934,0.17670417615409206,0.052714365028426934
17,1,0.6506999000645329,0.4295619832966179,0.6506999000645329
17,1,-0.2032366585457805,-0.2083796427379718,-0.2032366585457805
17,1,0.5508918154128735,0.7131706207954573,0.5508918154128735
17,1,0.7690822950193402,0.8864455894472155,0.7690822950193402
17,0,-0.05457687233123479,0.41598129663204664,-0.05457687233123479
17,0,0.45809006100640637,1.0009693427943054,0.45809006100640637
17,0,-0.11914510653439787,-0.06263296849377815,-0.11914510653439787
17,1,0.3690571932999531,0.07554037585621876,0.3690571932999531
17,0,0.3815222391328255,0.38299765440194583,0.3815222391328255
17,0,0.5640968835247997,0.9166946293856206,0.5640968835247997
17,0,-0.30307869854789676,-0.6605829743921899,-0.30307869854789676
17,1,0.46363096635827106,0.9455491507212807,0.46363096635827106
17,0,0.8415201663930262,0.6132688059884107,0.8415201663930262
17,1,-0.35615484132936825,-0.40969293369076487,-0.35615484132936825
17,0,-1.5941183963711378,-1.7057406268748394,-1.5941183963711378
17,1,0.9438588678579003,0.9145213393526657,0.9438588678579003
17,1,0.2509324240866907,0.4272172348311587,0.2509324240866907
17,0,-0.44342480802437123,0.3192044460474429,-0.44342480802437123
17,1,-0.019055416484939216,-0.15328337171585077,-0.019055416484939216
17,1,-0.00465521042733238,0.31519166007490895,-0.00465521042733238
17,1,0.15165721049619385,0.42086500969552015,0.15165721049619385
17,0,-0.4713048231612871,-0.8806726262959761,-0.4713048231612871
17,0,-0.12158542464749722,-0.41993243859389684,-0.12158542464749722
17,1,-0.07700250144965494,-0.5837790056269888,-0.07700250144965494
17,0,0.6757312289788621,0.8093290140147756,0.6757312289788621
17,0,0.2932082764118549,-0.03470732232347479,0.2932082764118549
17,1,0.1276969030275826,0.0032951448047287557,0.1276969030275826
17,1,0.12587443605219426,-0.03838161870754392,0.12587443605219426
25,0,-0.32839563492775836,-0.9511787149278629,-0.32839563492775836
25,1,-0.16075421830522105,-0.011531483982380346,-0.16075421830522105
25,0,-0.5364459098027711,-1.0586635486002645,-0.5364459098027711
25,0,-0.5578303397576164,-1.2830566272659987,-0.5578303397576164
25,1,-0.22400546437278285,-0.826031166478344,-0.22400546437278285
25,1,0.1770096087331877,-0.257337194425586,0.1770096087331877
25,0,-0.8809304858209556,-1.6147129781966305,-0.8809304858209556
25,1,0.4003574763921461,-0.051234011149180164,0.4003574763921461
25,0,-0.619838783318295,-1.2194911887347561,-0.619838783318295
25,0,-0.7744293195121148,-1.5677716724414839,-0.7744293195121148
25,1,0.6422754099354453,0.06751694339804634,0.6422754099354453
25,1,0.29472942895211285,-0.3119387557213368,0.29472942895211285
25,0,-0.46544527199749636,-0.2819849492744265,-0.46544527199749636
25,0,-0.7579286435972832,-0.7220428689011524,-0.7579286435972832
25,1,-0.1824070160492096,-0.3767440100925569,-0.1824070160492096
25,0,-0.6479316481983524,-1.037861479896879,-0.6479316481983524
25,0,-0.49900746351225167,-0.885188381184964,-0.49900746351225167
25,0,-0.8013306555124835,-1.2820354839824157,-0.8013306555124835
25,0,-0.06518913110436993,-0.8951276304211365,-0.06518913110436993
25,1,-0.2743595198926302,-0.6273826656462005,-0.2743595198926302
25,1,-0.25874721131417233,-0.43295719981488445,-0.25874721131417233
25,0,-0.9017055010754721,-0.9171658174368837,-0.9017055010754721
25,1,-0.3233087513876736,-0.26931631584965765,-0.3233087513876736
25,1,-0.46802519742919857,-0.8390384967847212,-0.46802519742919857
25,1,-0.45178704667762126,-1.0754164279212666,-0.45178704667762126
25,0,-0.6913821827285574,-1.0874125762603555,-0.6913821827285574
25,1,-0.36279547035413096,-0.6234057178259844,-0.36279547035413096
25,0,-0.7043339481180941,-1.265091598761154,-0.7043339481180941
25,0,-0.3278353716452203,-0.8620274225437516,-0.3278353716452203
25,1,0.10263831289245848,-0.3001691702302317,0.10263831289245848
25,0,-0.7409103581889134,-1.2579361412318175,-0.7409103581889134
25,1,-0.4596861720788071,-1.1448710985054718,-0.4596861720788071
25,0,-0.7122617364462859,-1.2481497615301478,-0.7122617364462859
25,1,-0.27896515970031416,-0.5445726630118981,-0.27896515970031416
25,1,-0.17138357920413605,-0.1385332276070298,-0.17138357920413605
25,0,-0.5422829288667216,-0.823052243788905,-0.5422829288667216
25,0,-0.4773496615460893,-0.7757271486300099,-0.4773496615460893
25,1,-0.7806698727641336,-1.1024656216682793,-0.7806698727641336
25,0,-0.8388035287555494,-1.2489408500314747,-0.8388035287555494
25,0,-0.5351583836977166,-1.061644854625914,-0.5351583836977166
25,0,-1.0574652960503015,-1.225446412635734,-1.0574652960503015
25,0,-0.6192751140206648,-0.8691419455310724,-0.6192751140206648
25,1,0.1496403910596258,-0.03324613420743673,0.1496403910596258
25,0,-0.7802810630413098,-1.2566110733324396,-0.7802810630413098
25,1,0.4060282295193689,0.19569623345219883,0.4060282295193689
25,0,-0.5219863277320679,-0.7994502455491468,-0.5219863277320679
25,0,-0.5598520455158359,-0.6654999816499905,-0.5598520455158359
25,0,-1.0249703400644885,-1.6606685102712528,-1.0249703400644885
25,1,0.5272726727559706,0.04328574320083263,0.5272726727559706
25,0,-0.21811180065783867,-0.6343689831496555,-0.21811180065783867
25,0,-0.7429443780016967,-1.3393153650377263,-0.7429443780016967
25,0,-0.15716309939289988,-0.6657210428257996,-0.15716309939289988
25,0,-0.46836805214839483,-0.7270889114911011,-0.46836805214839483
25,1,-0.15849079027592528,-0.5704590743579926,-0.15849079027592528
25,0,-0.29064509285433626,-0.5941608186523286,-0.29064509285433626
25,0,0.06963996097608789,-0.2950948527049273,0.06963996097608789
25,1,0.24111007916367996,-0.2737486491888346,0.24111007916367996
25,1,0.6809368252449652,0.42518568008101937,0.6809368252449652
25,0,0.27939269319472376,-0.2055638670907495,0.27939269319472376
25,0,0.018710233230425175,-0.3948062733481652,0.018710233230425175
25,1,0.7734942897689789,0.2184691885693407,0.7734942897689789
25,1,0.682099691197648,0.0038025534737250455,0.682099691197648
25,0,0.10077868105239185,-0.3382377355582783,0.10077868105239185
25,1,0.5270841891207957,0.185755195373477,0.5270841891207957
25,1,0.424085899733274,-0.45952534122658895,0.424085899733274
25,1,0.017972058059555932,-0.37805507213369227,0.017972058059555932
25,1,0.48552341656416453,0.3247269097733796,0.48552341656416453
25,0,-0.8297381313865887,-0.7348862350432243,-0.8297381313865887
25,0,-0.972658454669457,-1.0926749794726136,-0.972658454669457
25,1,0.11081213341082395,-0.3207515790437916,0.11081213341082395
25,0,-0.187113369103156,-0.685116805271389,-0.187113369103156
25,1,0.0246071457597649,-0.5120906941638379,0.0246071457597649
25,1,-0.4178812668404191,-0.7013494484286354,-0.4178812668404191
25,1,0.5383089476579298,-0.01250883365237554,0.5383089476579298
25,0,-0.34978056268480956,-0.9122604085698297,-0.34978056268480956
25,1,0.12818383218517565,-0.20361992274599228,0.12818383218517565
25,0,0.3345335361249238,-0.2766979387729977,0.3345335361249238
25,0,-0.6870602639780472,-0.9679848425532893,-0.6870602639780472
25,1,0.676609823671933,0.7857884199652991,0.676609823671933
25,1,0.18757619415394328,-0.10860367721357206,0.18757619415394328
25,1,0.9305667105600801,0.3339702145635985,0.9305667105600801
25,0,-0.13883407457661698,-0.8054256241089491,-0.13883407457661698
25,1,0.16133297886972092,-0.11766329489608163,0.16133297886972092
25,1,-0.34076601974118587,-0.5219785770775467,-0.34076601974118587
25,0,-0.5927930322780203,-0.2668732305320066,-0.5927930322780203
25,1,0.34409018567063293,0.015481669430466881,0.34409018567063293
25,0,-0.3572962493869707,-0.9251542916246939,-0.3572962493869707
25,1,-0.06916963614206896,-0.6323103325341346,-0.06916963614206896
25,1,-0.6775492550345725,-0.7855508516607257,-0.6775492550345725
25,1,0.01950157171186213,-0.7364812464676824,0.01950157171186213
25,1,-0.3637916511682285,-0.9689593546576231,-0.3637916511682285
25,1,-0.2568593619490733,-0.34402196169044075,-0.2568593619490733
25,0,-0.31445214274386,-0.7145090598079966,-0.31445214274386
25,1,-0.020284346030351105,-0.15333553490906626,-0.020284346030351105
25,0,-0.11270399139368528,-0.20945676839929916,-0.11270399139368528
25,0,0.33417587834013485,-0.00985752696380382,0.33417587834013485
25,1,0.4794675741306032,0.18371816154616394,0.4794675741306032
25,0,0.3126642992218889,-0.13775860596075618,0.3126642992218889
25,1,0.13203210523695205,-0.5318807216269849,0.13203210523695205
25,1,-0.5490387860020624,-0.7993756149808261,-0.5490387860020624
25,0,-0.4741580158038419,-0.9445915636622381,-0.4741580158038419
25,1,-0.2421243380578818,-0.6769608723429069,-0.2421243380578818
25,0,-0.6532862183245619,-1.381993256787113,-0.6532862183245619
25,0,-0.947054548418026,-0.9556295999830724,-0.947054548418026
25,1,1.044456309607217,0.6493680867763154,1.044456309607217
25,1,0.6201976201083081,-0.03390011104937779,0.6201976201083081
25,0,-0.3102260116177868,-0.607195801234822,-0.3102260116177868
25,1,1.0259422595710836,0.5647264677740775,1.0259422595710836
25,0,-0.5922363322112709,-1.157589481032677,-0.5922363322112709
25,0,0.05501497757248805,-0.7582497858271716,0.05501497757248805
25,1,0.7056146621929643,0.22255076747083508,0.7056146621929643
25,1,0.7635865062673881,0.313192934319142,0.7635865062673881
25,0,-0.5204152115704201,-0.971171044771375,-0.5204152115704201
25,0,-0.39730581787018493,-0.630194625078013,-0.39730581787018493
25,1,0.8893819096693871,0.5036263141020246,0.8893819096693871
25,0,-0.5697959851776354,-1.1528322000191786,-0.5697959851776354
25,0,-0.6537226598584432,-1.02706387166986,-0.6537226598584432
25,0,-0.7322855419721768,-1.1414515026599712,-0.7322855419721768
25,0,-1.3231893886791772,-1.7327270001122237,-1.3231893886791772
25,1,0.5578922768320609,0.1605352331040357,0.5578922768320609
25,1,0.2901720235581565,0.047064079195476616,0.2901720235581565
25,0,-1.229434788450631,-1.5130687736191422,-1.229434788450631
25,1,1.2002212398048007,1.169835182258506,1.2002212398048007
25,1,0.9419211072716436,0.73074040409146,0.9419211072716436
25,1,1.1835636251945705,1.197871113814916,1.1835636251945705
25,0,-1.213549343661901,-1.6548115000341066,-1.213549343661901
25,1,1.0822544834916967,0.8198407753410129,1.0822544834916967
25,0,-1.706314315113543,-1.5511800077043751,-1.706314315113543
25,0,-1.0293583355077858,-1.4591349210645506,-1.0293583355077858
25,1,0.33040279962154606,-0.03773670488653236,0.33040279962154606
25,0,-1.2493973905053277,-1.7111146146642968,-1.2493973905053277
25,1,0.96554176953528,0.5334602687691206,0.96554176953528
25,0,-0.8932294491179129,-1.3131122498898484,-0.8932294491179129
25,1,0.7528794096240244,0.37500320119102554,0.7528794096240244
25,1,0.29474360321491927,0.020472768567768362,0.29474360321491927
25,0,-1.714112412867073,-1.9792999032904288,-1.714112412867073
25,0,-0.09021937926391019,-0.4694406563582938,-0.09021937926391019
25,1,0.3285181728707265,-0.048458440053652074,0.3285181728707265
25,0,-1.0262350720685418,-1.3855334670879973,-1.0262350720685418
25,0,-1.3634726959753338,-1.6023485593872056,-1.3634726959753338
25,0,-0.7231726175926229,-0.994158964925711,-0.7231726175926229
25,0,-1.029218741289241,-1.2751849361436145,-1.029218741289241
25,1,0.8834897131609442,0.7828633876968292,0.8834897131609442
25,0,-0.8924588513033783,-1.0913599376710976,-0.8924588513033783
25,1,0.9731196815131626,0.8171687661940928,0.9731196815131626
25,0,-1.420815318061662,-1.8486250503576958,-1.420815318061662
25,0,-1.4824053981685636,-1.8194100699009295,-1.4824053981685636
25,0,-1.3711411555544346,-1.555186233779331,-1.3711411555544346
25,1,1.0590990304894121,0.925762532460834,1.0590990304894121
25,0,-1.6924935442734252,-2.310244129509405,-1.6924935442734252
25,0,-1.4367682543494482,-1.8252219461731682,-1.4367682543494482
25,0,-1.6249627450430761,-1.63880612324749,-1.6249627450430761
25,0,-0.920730767776817,-1.5088797249725312,-0.920730767776817
25,1,0.31819868074484636,-0.17419318604110123,0.31819868074484636
25,0,-0.4610813282607726,-0.8738970641578012,-0.4610813282607726
25,0,-1.2623165629504445,-1.6031313693850369,-1.2623165629504445
25,1,1.0705359051664372,0.8771484809834162,1.0705359051664372
25,1,1.609546491933344,1.54249354515715,1.609546491933344
25,0,-0.817786057626706,-1.1586194419383384,-0.817786057626706
25,0,-1.629431856045798,-1.9382345472929248,-1.629431856045798
25,1,0.6517128489529301,0.351157654953975,0.6517128489529301
25,1,1.410353611705628,1.1736238388918747,1.410353611705628
25,0,-1.1085264927035057,-1.711616890535661,-1.1085264927035057
25,1,1.206908138234584,1.1330071585944927,1.206908138234584
25,1,1.5430197859521526,1.143276001688336,1.5430197859521526
25,1,0.9799806535142696,0.7069457754524504,0.9799806535142696
25,1,1.310272626644741,0.9181371650815637,1.310272626644741
25,0,-0.7117954267800582,-0.9455048267339656,-0.7117954267800582
25,0,-1.5477202963802101,-1.8303079774993922,-1.5477202963802101
25,1,0.9293841421200952,0.6599020059977252,0.9293841421200952
25,0,-1.0653965951940498,-1.5524873206458898,-1.0653965951940498
25,1,0.9556929362948989,0.5213772928024998,0.9556929362948989
25,1,0.9352748714220369,0.6304830025386131,0.9352748714220369
25,1,1.0761163202933703,0.9954842068911962,1.0761163202933703
25,0,-1.8751179950860928,-2.513133883083089,-1.8751179950860928
25,1,0.41678138596682446,-0.021365592622897278,0.41678138596682446
25,0,-0.48828653320759074,-0.8714857558022083,-0.48828653320759074
25,0,-1.7664667424501757,-2.0703327303132926,-1.7664667424501757
25,1,1.2087303039086374,0.9974570448599465,1.2087303039086374
25,1,0.8526597745528572,0.8096589816973976,0.8526597745528572
25,1,0.6184675740424387,0.6091581904204476,0.6184675740424387
25,0,-1.51842238336056,-1.5532522761245595,-1.51842238336056
25,1,0.16216322124854185,-0.12093982698924904,0.16216322124854185
25,1,1.533009245595244,1.5655027216445792,1.533009245595244
25,0,-0.4898143667774525,-1.1040619922079877,-0.4898143667774525
25,1,0.8828827088712958,0.819070566182118,0.8828827088712958
25,0,-1.5511078665906028,-2.132738990736378,-1.5511078665906028
25,1,0.017899473912934095,-0.36040935905967736,0.017899473912934095
25,1,0.8408978088353471,0.34359561455191767,0.8408978088353471
25,1,1.1336628840833687,1.2322376918283386,1.1336628840833687
25,1,0.9861801249842541,0.7500167367588754,0.9861801249842541
25,1,0.6348552750566763,0.5319684343311127,0.6348552750566763
25,0,-1.2442439324702501,-2.1239620133475365,-1.2442439324702501
25,1,0.5617263494209147,0.4304511919801065,0.5617263494209147
25,0,-0.7273108211290872,-1.2343339301056369,-0.7273108211290872
25,0,-1.735883556535455,-2.166998324493705,-1.735883556535455
25,1,1.4457270172459094,1.34438356513918,1.4457270172459094
25,0,-1.4280972735281554,-1.393479515759885,-1.4280972735281554
25,1,1.085211742995374,0.7456759532483672,1.085211742995374
25,1,1.0817001938356279,0.840188777269093,1.0817001938356279
30,0,0.042831268586224956,-0.5357940144116282,0.042831268586224956
30,1,0.1026847918984079,-0.7199532091785159,0.1026847918984079
30,0,-0.2704498337687312,-0.8675810959404393,-0.2704498337687312
30,0,-0.02896944216418927,-0.5502699062195803,-0.02896944216418927
30,1,0.9429828407762064,-0.0809514401269332,0.9429828407762064
30,1,0.46782419013853116,-0.3599206378371501,0.46782419013853116
30,0,0.5396496075984213,-0.06606393558855414,0.5396496075984213
30,1,0.500481796445051,-0.21692933776719583,0.500481796445051
30,0,0.4411918245299758,-0.5370129875472327,0.4411918245299758
30,0,-0.14387687642137484,-0.8138557586993892,-0.14387687642137484
30,1,1.0291241064699121,-0.18158694655504562,1.0291241064699121
30,1,1.2565383893472393,-0.07524312411656348,1.2565383893472393
30,0,0.33980596888718095,-0.26879483153481515,0.33980596888718095
30,0,1.3114623215163035,0.084811213972591,1.3114623215163035
30,1,0.83226722859307,-0.04304393319108525,0.83226722859307
30,0,1.0585215799307168,0.5351628354621788,1.0585215799307168
30,0,1.3085810423492965,0.4147211410140057,1.3085810423492965
30,0,0.47230320478513643,-0.21315664449124289,0.47230320478513643
30,0,0.27140558780369684,-0.702907747018278,0.27140558780369684
30,1,0.09860166755600064,-1.1485667131844863,0.09860166755600064
30,1,1.1795915827943697,0.002902647062238639,1.1795915827943697
30,0,0.6596222971998567,-0.17404886107553924,0.6596222971998567
30,1,1.3253259557463495,0.6451226936687436,1.3253259557463495
30,1,0.719622030259898,-0.07422795249124625,0.719622030259898
30,1,0.8534249751434766,0.13851978336985907,0.8534249751434766
30,0,0.2828742956217752,-0.6385356383205998,0.2828742956217752
30,1,0.8508173299889478,-0.12648273686586575,0.8508173299889478
30,0,1.0012248604477838,-0.10011170041056436,1.0012248604477838
30,0,0.49691454583849076,-0.8238572143011567,0.49691454583849076
30,1,0.3048688476800841,-0.4553822870808879,0.3048688476800841
30,0,-1.855314480136314,-1.2422253738841869,-1.855314480136314
30,1,0.29613928339920664,-0.8551601955412582,0.29613928339920664
30,0,-0.10704370521284173,-1.6224270402427252,-0.10704370521284173
30,1,0.8418972908640724,-0.190355448251296,0.8418972908640724
30,1,0.4897537397088127,-0.4386600684494517,0.4897537397088127
30,0,-0.08535145009401672,-0.5800850005568529,-0.08535145009401672
30,0,0.4118986537313383,-0.3334119079468804,0.4118986537313383
30,1,1.2865254702206066,0.42921533293576414,1.2865254702206066
30,0,-0.20340170617710993,-0.8126859457137279,-0.20340170617710993
30,0,0.060990156398627336,-0.4167843247916576,0.060990156398627336
30,0,-0.34308360341044636,-1.58521086502081,-0.34308360341044636
30,0,0.3147447456403894,-0.00851153367138302,0.3147447456403894
30,1,1.4673035464519506,-0.26225328194941855,1.4673035464519506
30,0,0.39561981419946823,0.19252513735123164,0.39561981419946823
30,1,1.4087758407144924,0.8298802230076048,1.4087758407144924
30,0,-0.082519636746194,-0.6632521863854184,-0.082519636746194
30,0,-0.7605836061614765,-1.6869860207470357,-0.7605836061614765
30,0,-0.41621247664597566,-1.0716680670900969,-0.41621247664597566
30,1,0.8656631017708654,0.019594891422640714,0.8656631017708654
30,0,0.10076100252405794,-0.9004721015772296,0.10076100252405794
30,0,-0.20600842122751747,-0.8759790913756538,-0.20600842122751747
30,0,-0.08995481049160056,-0.8260378540540314,-0.08995481049160056
30,0,-0.11015196908562236,-0.8228324871921187,-0.11015196908562236
30,1,0.19133249169817432,-0.42391570690583513,0.19133249169817432
30,0,0.03993846791816618,-0.7865580982840658,0.03993846791816618
30,0,0.8228175279212535,-0.12166640347181112,0.8228175279212535
30,1,1.1432021367519918,0.3784640101238622,1.1432021367519918
30,1,0.5881781962295877,-0.3605955711473912,0.5881781962295877
30,0,-0.006552242933122117,-0.5875066689681931,-0.006552242933122117
30,0,-0.7916093644372444,-1.6011509448837162,-0.7916093644372444
30,1,0.10599249760491937,-0.37708188685749,0.10599249760491937
30,1,1.4876289677143069,0.27673112917656056,1.4876289677143069
30,0,0.8339729609512049,-0.020828931966356934,0.8339729609512049
30,1,0.7251341678842922,-0.24206857815137403,0.7251341678842922
30,1,0.7694652359161591,-0.030675847028886427,0.7694652359161591
30,1,1.255667602288764,0.22077898426038783,1.255667602288764
30,1,1.2898644130155301,0.4868520749203791,1.2898644130155301
30,0,-0.2587551499493486,-1.0408243522407838,-0.2587551499493486
30,0,-0.01106998135131322,-0.46209238532722463,-0.01106998135131322
30,1,0.05715641786125366,-0.8508869453279824,0.05715641786125366
30,0,-0.02092904573702866,0.11824719893249712,-0.02092904573702866
30,1,0.29551828824756443,-0.6051793639914165,0.29551828824756443
30,1,1.3094170356536,0.3143081382202862,1.3094170356536
30,1,1.049958753188657,0.32172163431840567,1.049958753188657
30,0,0.16640173192946914,-0.6098742696724645,0.16640173192946914
30,1,0.6709553670169203,-0.17965857127347928,0.6709553670169203
30,0,-0.35645333925201866,-0.8472072659831507,-0.35645333925201866
30,0,-0.1666611392789084,-0.25277070113602373,-0.1666611392789084
30,1,0.93478796846456,-0.46614585113016577,0.93478796846456
30,1,2.2372882782700065,0.3175079616923993,2.2372882782700065
30,1,0.3842967004265201,-0.6898367564861583,0.3842967004265201
30,0,-0.0520376684299705,-1.0326599621701538,-0.0520376684299705
30,1,1.5817795040972544,0.3850903504130956,1.5817795040972544
30,1,1.8308414756959321,0.4490082462747017,1.8308414756959321
30,0,0.30036944934315823,-0.5113396520453345,0.30036944934315823
30,1,1.0081497607321583,0.3142932014839959,1.0081497607321583
30,0,-0.48365891150250456,-0.704053558248074,-0.48365891150250456
30,1,1.116189817059852,0.34699631455738833,1.116189817059852
30,1,0.5032868856744586,0.06475164001638395,0.5032868856744586
30,1,0.7685908856418953,0.059965154629022924,0.7685908856418953
30,1,1.6025667810061026,0.5720383104113836,1.6025667810061026
30,1,0.3560141991061797,-0.42138467233468235,0.3560141991061797
30,0,0.2999176021410141,-0.5876738277810276,0.2999176021410141
30,1,1.2843596638238741,0.3907914124642572,1.2843596638238741
30,0,-0.031502744489303555,-0.7244587400417648,-0.031502744489303555
30,0,0.155840045930423,-0.26863579519392644,0.155840045930423
30,1,1.3718361922341562,0.3853173108807011,1.3718361922341562
30,0,-0.20162786661719065,-0.3290200223866266,-0.20162786661719065
30,1,0.6057453740701111,-0.5867678670258839,0.6057453740701111
30,1,1.7893754951593264,0.23355007899477276,1.7893754951593264
30,0,0.07773144762963034,-0.8617965520280867,0.07773144762963034
30,1,0.7235972166740301,0.041995550323753905,0.7235972166740301
30,0,0.623271417728368,-0.31737760796536185,0.623271417728368
30,0,1.2083050236242119,0.27615584546442484,1.2083050236242119
30,1,0.31271041142621303,-0.4126585170038167,0.31271041142621303
30,1,0.8172729021529036,-0.6175933949236302,0.8172729021529036
30,0,0.5788714957914081,-0.8222906408114893,0.5788714957914081
30,1,0.8167578078705103,-0.22822642524329118,0.8167578078705103
30,0,0.11149819655078373,-1.2446329652673382,0.11149819655078373
30,0,0.15394879055023183,-0.8187537757105595,0.15394879055023183
30,1,1.3007802197836926,-0.2560543071367941,1.3007802197836926
30,1,0.42740969886109575,-0.22492305538250962,0.42740969886109575
30,0,0.31559302679914053,-1.1854085452491663,0.31559302679914053
30,0,0.33899410588979945,-0.5588887196430259,0.33899410588979945
30,1,0.043664789254572046,-1.0072514517052453,0.043664789254572046
30,0,0.30944372855147456,-0.38710536256222755,0.30944372855147456
30,0,0.2914824485646765,-0.7010875677504171,0.2914824485646765
30,0,-0.4409345393899401,-1.1099760539069834,-0.4409345393899401
30,0,0.3195878109001104,-0.6442874262350158,0.3195878109001104
30,1,0.7134896310871122,0.02438598495697844,0.7134896310871122
30,1,0.4269707683161856,-0.45343787369546057,0.4269707683161856
30,0,0.6959822943117456,-0.1105439185079586,0.6959822943117456
30,1,1.353589907384496,0.34664707214117774,1.353589907384496
30,1,0.9208987629212069,0.1342675578344206,0.9208987629212069
30,1,1.46936287557688,0.6200871248532686,1.46936287557688
30,0,-1.1347769130196537,-1.7696295754996496,-1.1347769130196537
30,1,0.9453196815307955,-0.30400212322518805,0.9453196815307955
30,0,-0.49789877939964977,-1.4858053191198117,-0.49789877939964977
30,0,-0.7696588023738561,-1.4966875354102176,-0.7696588023738561
30,1,0.04831734037012096,-1.1721398697657366,0.04831734037012096
30,0,-0.8024150259173509,-1.47988800233135,-0.8024150259173509
30,1,1.2328612396333058,0.4368114436618019,1.2328612396333058
30,0,0.9080455099681808,0.4940217239423924,0.9080455099681808
30,1,0.40903521684339106,-0.38879466535517526,0.40903521684339106
30,1,1.492121449220584,-0.020149073933792935,1.492121449220584
30,0,0.013398176067591508,-0.5151887240502647,0.013398176067591508
30,0,-0.31629204589650844,-0.8138853699975159,-0.31629204589650844
30,1,0.5227844356685004,-0.29116808927216353,0.5227844356685004
30,0,-0.30421774859505074,-1.3543084620914376,-0.30421774859505074
30,0,-0.9558290720981195,-1.9551161512054875,-0.9558290720981195
30,0,-0.08452462683034598,-1.0579965328509502,-0.08452462683034598
30,0,-0.6393906723531142,-1.6658414480267392,-0.6393906723531142
30,1,1.5681570157357305,0.7453066039993205,1.5681570157357305
30,0,0.06357308829365126,-0.9436551027940561,0.06357308829365126
30,1,0.7118050684227806,-0.42417340175638013,0.7118050684227806
30,0,-0.12354464312883429,-1.3765522501234502,-0.12354464312883429
30,0,-0.024908725471070755,-0.4877036624774906,-0.024908725471070755
30,0,-0.7989986879794878,-1.6354778179657146,-0.7989986879794878
30,1,0.3948676088664311,-0.7860224762426836,0.3948676088664311
30,0,0.24874269698396523,-0.7618061847516816,0.24874269698396523
30,0,0.4468319759216017,-0.4964471106146354,0.4468319759216017
30,0,0.09040993925828542,-0.47740389484602275,0.09040993925828542
30,0,0.8659120552739834,-0.3073429680940237,0.8659120552739834
30,1,0.3765397892554884,-0.42755082708238346,0.3765397892554884
30,0,0.5083015354944742,-0.271591975414334,0.5083015354944742
30,0,0.175596138670073,-0.7575586687189461,0.175596138670073
30,1,0.43300567685698843,-0.7018641928232785,0.43300567685698843
30,1,0.13180890644795368,-0.4377097294616882,0.13180890644795368
30,0,-0.002384947442750777,-1.06083072187625,-0.002384947442750777
30,0,0.18040406957411292,-1.0874369232127594,0.18040406957411292
30,1,0.863265738748101,0.07699288879815744,0.863265738748101
30,1,0.7097760790322872,-0.4662988492377246,0.7097760790322872
30,0,0.1608654377980369,-0.4808748051279058,0.1608654377980369
30,1,1.2214146185130943,0.19855755876940745,1.2214146185130943
30,1,-0.30119920701983144,-1.0929259421495796,-0.30119920701983144
30,1,0.5355908428139518,-0.7243929492821098,0.5355908428139518
30,1,0.9190262930242545,0.08516707356514963,0.9190262930242545
30,0,-0.044747148800529275,-1.1962500035831602,-0.044747148800529275
30,0,-0.031269511055841456,-1.1463523977190144,-0.031269511055841456
30,1,0.705703637787217,-0.3593061943771084,0.705703637787217
30,0,0.8448347430799831,0.1078989203203577,0.8448347430799831
30,1,0.26533177209049547,-0.4099486256912947,0.26533177209049547
30,1,0.5663057105121572,-0.9520670274085876,0.5663057105121572
30,1,1.5620323717973084,0.262854422708702,1.5620323717973084
30,0,-0.558109528194706,-1.5047808908455647,-0.558109528194706
30,1,0.8126517256763763,-0.050016110466628086,0.8126517256763763
30,0,0.34754511637950136,-0.28653378784976025,0.34754511637950136
30,0,1.2125296351435517,0.47539404962447185,1.2125296351435517
30,1,0.5336429165826508,-0.29727315192203924,0.5336429165826508
30,1,1.0992035481933482,0.225785508461323,1.0992035481933482
30,1,0.7102627199886032,0.14209961554421563,0.7102627199886032
30,0,0.3472062702780674,-0.3535469771726413,0.3472062702780674
30,1,0.8728833821640751,-0.04241837832856293,0.8728833821640751
30,1,0.7308893901857997,-0.4764347580117878,0.7308893901857997
30,0,-0.394615275548337,-1.194625672100877,-0.394615275548337
30,1,0.2535089173031847,-0.6097574197620568,0.2535089173031847
30,0,0.3885687865562209,-0.9559161508539885,0.3885687865562209
30,1,1.4294569547529306,0.06866663296863117,1.4294569547529306
30,1,1.5940424160344675,0.26815566205057906,1.5940424160344675
30,1,-0.07367192959182309,-0.8153763269668686,-0.07367192959182309
30,1,0.5929331504988871,-0.5014607041806064,0.5929331504988871
30,1,0.1758928156846549,-0.18841665171837077,0.1758928156846549
30,0,-0.5390837374910393,-1.5281448706274177,-0.5390837374910393
30,1,-0.3446258208440433,-1.0222063554520582,-0.3446258208440433
30,0,-0.3232068329360709,-1.2774883584478307,-0.3232068329360709
30,0,0.601826937107437,-0.8424688971480458,0.601826937107437
30,1,-0.3266507333960641,-1.1536677123504224,-0.3266507333960641
30,0,0.19344739126933747,-0.4863446630033131,0.19344739126933747
30,1,-0.510468599496779,-1.3361519905268575,-0.510468599496779
30,1,1.3826096799717003,0.8648311351637853,1.3826096799717003
49,0,-0.6420293384450975,-0.7311154498206177,-0.6420293384450975
49,1,0.2055978130081041,0.6743732267539533,0.2055978130081041
49,0,0.0749469713415591,0.3138693572720881,0.0749469713415591
49,0,-0.9278144407647165,-0.7128287043217645,-0.9278144407647165
49,1,0.45239640897771805,0.6373382741342196,0.45239640897771805
49,1,-0.5738562695688384,-0.6799882900833819,-0.5738562695688384
49,0,-0.3736474798396064,-0.39039930369984366,-0.3736474798396064
49,1,0.3658632157473734,-0.1913060963219055,0.3658632157473734
49,0,-0.7084497767554148,-0.8565772908951725,-0.7084497767554148
49,0,-0.8580623956919817,-0.8071289380297654,-0.8580623956919817
49,1,-0.7963994268621087,-0.7509125609542117,-0.7963994268621087
49,1,0.5879305003320421,0.4583161377625281,0.5879305003320421
49,0,-0.9737515235128674,-1.1936388780028173,-0.9737515235128674
49,0,-1.0610135253725779,-1.2055106641463544,-1.0610135253725779
49,1,-0.21693546784548398,-0.19026484012639905,-0.21693546784548398
49,0,-1.040836291966845,-1.1346144212734484,-1.040836291966845
49,0,-1.2053422096959228,-1.154911574530748,-1.2053422096959228
49,0,-1.0369000913254598,-0.992757841667112,-1.0369000913254598
49,0,-0.27361698240243143,-0.10479419032296074,-0.27361698240243143
49,1,0.23850067860137283,0.49666847064785136,0.23850067860137283
49,1,0.6796221034194061,0.6978603364004322,0.6796221034194061
49,0,-1.3469803516974197,-1.32361383228209,-1.3469803516974197
49,1,-0.10148073936322655,0.24212294459559208,-0.10148073936322655
49,1,0.7687987049627469,1.3246003241804958,0.7687987049627469
49,1,0.9965522269432494,1.2242515010086588,0.9965522269432494
49,0,-1.5970463117447906,-1.8250921495063397,-1.5970463117447906
49,1,0.4553900342425327,0.9146009508212973,0.4553900342425327
49,0,0.3693273426969906,0.47311091821290047,0.3693273426969906
49,0,-1.2021757684653571,-0.7428554821647166,-1.2021757684653571
49,1,0.12715608023118577,0.047127033992859696,0.12715608023118577
49,0,-1.149935042585635,-1.5554830100524446,-1.149935042585635
49,1,0.5689661227004978,1.521758062777538,0.5689661227004978
49,0,-0.27425257101873757,-0.5193976558794535,-0.27425257101873757
49,1,-0.06065800442685517,-0.4046002992133412,-0.06065800442685517
49,1,0.48921307411311243,-0.1363302372469865,0.48921307411311243
49,0,-1.1433619574601606,-1.1691210637651326,-1.1433619574601606
49,0,-1.2302377696086566,-0.8177955236927149,-1.2302377696086566
49,1,-0.027412329964593345,0.09588426443269484,-0.027412329964593345
49,0,-0.7127518358179262,-0.16211787008717166,-0.7127518358179262
49,0,-0.0619778942253138,0.026072890370561652,-0.0619778942253138
49,0,-0.937056793717771,-0.8903711278903497,-0.937056793717771
49,0,-0.6816095918260078,-0.5087804313089829,-0.6816095918260078
49,1,-0.4208154964420503,-0.1867667102271079,-0.4208154964420503
49,0,-0.4129101092131182,-0.2302277429480902,-0.4129101092131182
49,1,0.5497684068350271,0.733027349693616,0.5497684068350271
49,0,-1.1793178439814274,-1.2084003211378633,-1.1793178439814274
49,0,-0.731566348785417,-0.8228315966299615,-0.731566348785417
49,0,-0.9003269557671096,-0.7164532067192646,-0.9003269557671096
49,1,0.009459329214480741,0.028065338116579824,0.009459329214480741
49,0,-0.829674727105643,-1.1227669377919143,-0.829674727105643
49,0,-0.9911021835939962,-0.9202889447796512,-0.9911021835939962
49,0,-0.9993714642353474,-0.7898807366708752,-0.9993714642353474
49,0,-1.1946233230003171,-1.0068215826706963,-1.1946233230003171
49,1,-0.14796471023464985,-0.2258682312800807,-0.14796471023464985
49,0,-0.678785062110459,-1.1513505327069145,-0.678785062110459
49,0,-1.2081701454265636,-0.8328688117811783,-1.2081701454265636
49,1,0.41047347221632996,-0.29887843146268156,0.41047347221632996
49,1,0.1973981460752126,0.1393903018910868,0.1973981460752126
49,0,-1.6518856699391056,-1.3851296312384411,-1.6518856699391056
49,0,-0.10795588190471526,0.6170469528955737,-0.10795588190471526
49,1,-0.689270872573299,-0.7017262933677237,-0.689270872573299
49,1,-0.4481188208236377,-0.7866932580306739,-0.4481188208236377
49,0,-0.7816821404495123,-0.6407699618273026,-0.7816821404495123
49,1,-0.4197623827756822,-0.20262119873706766,-0.4197623827756822
49,1,0.0365530723174092,-0.5249837577625092,0.0365530723174092
49,1,1.1038947313800767,1.5746828444394585,1.1038947313800767
49,1,0.3822675538353302,0.17216052133751092,0.3822675538353302
49,0,-1.3206348773600856,-1.432199343899553,-1.3206348773600856
49,0,-0.8888821162547923,-1.0183314617811265,-0.8888821162547923
49,1,-0.6349819788181031,-0.9110000077279401,-0.6349819788181031
49,0,-0.7886143767663929,-0.6790488331628849,-0.7886143767663929
49,1,-1.186289380472448,-1.4131859830718843,-1.186289380472448
49,1,0.35938075682346565,0.25367776239388373,0.35938075682346565
49,1,0.2287845751491202,0.8987093085594068,0.2287845751491202
49,0,-1.6524893206138942,-1.5303918926835383,-1.6524893206138942
49,1,1.174905430029931,1.1728075702353198,1.174905430029931
49,0,-1.0593679484809932,-1.0959198091413709,-1.0593679484809932
49,0,-1.4209036648531286,-1.3164958019020783,-1.4209036648531286
49,1,0.3820216919459111,-0.07007633720807127,0.3820216919459111
49,1,0.23954415062501866,0.3031237362854302,0.23954415062501866
49,1,0.5052928189627899,0.0771181800093557,0.5052928189627899
49,0,-1.0636484186478439,-1.611526039517974,-1.0636484186478439
49,1,0.6925069013122084,0.7282184117939655,0.6925069013122084
49,1,-0.28704708331148254,-0.4801535235784306,-0.28704708331148254
49,0,-1.2376737817577783,-0.8741976970414883,-1.2376737817577783
49,1,0.4624360838637223,0.47570712024250994,0.4624360838637223
49,0,-0.6484203327637237,-0.3545746343263986,-0.6484203327637237
49,1,0.10067498099289478,0.3040109524597377,0.10067498099289478
49,1,0.09874405863693841,0.28700280685768864,0.09874405863693841
49,1,-0.4660220413531731,-0.0325928757637278,-0.4660220413531731
49,1,-0.709918450463138,-0.8452591832082478,-0.709918450463138
49,1,-0.0535474304697569,-0.17650181179002855,-0.0535474304697569
49,0,-0.8272554607858246,-0.5585922956193407,-0.8272554607858246
49,1,0.5574628045290604,0.3479689813162718,0.5574628045290604
49,0,-0.4114011921270758,0.10953235495025287,-0.4114011921270758
49,0,-0.31559659001492923,0.25711795065857085,-0.31559659001492923
49,1,-0.9294436687838591,-1.4942713322654395,-0.9294436687838591
49,0,-0.37609111226739156,-0.4360559501416015,-0.37609111226739156
49,1,-0.27226733582211987,0.18453327325090083,-0.27226733582211987
49,1,0.0066309439880980975,0.01610629394851315,0.0066309439880980975
49,0,-0.1450293540280266,-0.20629861194816096,-0.1450293540280266
49,1,0.5695868558509791,0.6742025471511187,0.5695868558509791
49,0,-0.4082887493357783,-0.20704354465398098,-0.4082887493357783
49,0,-0.8523249894694177,-0.7929709901811322,-0.8523249894694177
49,1,-0.4293659305291982,-0.5373454550035769,-0.4293659305291982
49,1,0.19434564914953648,-0.1483560737656605,0.19434564914953648
49,0,-1.1198881206471107,-1.2452237853336903,-1.1198881206471107
49,1,-0.29678503766055697,0.04787155189967124,-0.29678503766055697
49,0,-1.2583372893182019,-1.1376626163550267,-1.2583372893182019
49,0,-0.9455118855824556,-0.792455129328853,-0.9455118855824556
49,1,0.03170051606563345,0.3333334443032536,0.03170051606563345
49,1,0.20831337644082107,0.40762596327123635,0.20831337644082107
49,0,-0.34303332538766346,-0.6843285639541541,-0.34303332538766346
49,0,-1.058250775530777,-1.4413283966058967,-1.058250775530777
49,1,-0.3860326939187427,-0.7805241856182443,-0.3860326939187427
49,0,-1.0877035836367706,-0.8726971053526567,-1.0877035836367706
49,0,-0.2906324381982632,-0.25187480691096953,-0.2906324381982632
49,0,-1.0423225721525828,-1.2090224771739073,-1.0423225721525828
49,0,-0.6835709849169805,-0.8344670997129897,-0.6835709849169805
49,1,0.1900578167500636,0.08401832875687656,0.1900578167500636
49,1,-0.3212081308797813,-0.46289910515392935,-0.3212081308797813
49,0,-1.665231589875149,-1.8813562981640528,-1.665231589875149
49,1,0.18143159882711601,0.3576289705606066,0.18143159882711601
49,1,-0.47687460104108653,-0.8092664159991468,-0.47687460104108653
49,1,-0.04255351788050592,0.31786828261752936,-0.04255351788050592
49,0,-1.3445807354646713,-1.0284573443997074,-1.3445807354646713
49,1,0.6080723111808168,0.47575949844921434,0.6080723111808168
49,0,-0.9467758839832583,-0.8401974134744774,-0.9467758839832583
49,0,-0.6754593765742785,-0.34432977367231893,-0.6754593765742785
49,1,0.15624509972522463,0.37924066494732406,0.15624509972522463
49,0,0.34626807032088425,0.7133882774164079,0.34626807032088425
49,1,0.35540242639540237,0.6206681990065815,0.35540242639540237
49,0,-0.8402097413865063,-0.2953988228061608,-0.8402097413865063
49,1,0.2066813188091404,-0.32617805416396595,0.2066813188091404
49,1,-0.3946803828368287,-0.29093266594755846,-0.3946803828368287
49,0,-0.7258751595676415,-1.0749869481489358,-0.7258751595676415
49,0,-1.3705603513808795,-0.9157641311312441,-1.3705603513808795
49,1,-0.23491123649648163,-0.06133540104598831,-0.23491123649648163
49,0,-1.0265763023805403,-1.0006337063449602,-1.0265763023805403
49,0,-1.2189724532918103,-1.0900422164798385,-1.2189724532918103
49,0,-1.716504588266851,-1.576962459629861,-1.716504588266851
49,0,-0.883810821783783,-0.6605934860184348,-0.883810821783783
49,1,-0.32382245706391394,0.00875413209099482,-0.32382245706391394
49,0,-1.620381811944868,-1.1835510667313653,-1.620381811944868
49,1,0.14156677288525893,0.48137347953394266,0.14156677288525893
49,0,-1.2866688372558688,-1.0734229093103573,-1.2866688372558688
49,0,-1.4311945464522349,-0.926332251968817,-1.4311945464522349
49,0,-1.595701092984099,-1.1012146057485002,-1.595701092984099
49,1,0.13897311859272385,0.2848786330351777,0.13897311859272385
49,0,-1.0728917148050776,-0.9106022765152716,-1.0728917148050776
49,0,-1.0168965122891929,-1.029063769099868,-1.0168965122891929
49,0,-0.8819902281166954,-0.9570746269941501,-0.8819902281166954
49,0,-1.2202161204025246,-1.1870637388492153,-1.2202161204025246
49,1,-0.4101016139686185,-0.044492898274808124,-0.4101016139686185
49,0,-0.9744630138654956,-1.103915962536591,-0.9744630138654956
49,0,-0.8421872213487602,-0.7651537734758982,-0.8421872213487602
49,1,-0.09999557268242269,-0.11501859081984131,-0.09999557268242269
49,1,-0.8027757491157227,-0.9864700373237715,-0.8027757491157227
49,0,-0.3144949537335564,-0.8527433473786495,-0.3144949537335564
49,0,0.17645509637613213,0.20300574689498413,0.17645509637613213
49,1,0.33805711113795656,-0.09646550035077245,0.33805711113795656
49,1,-0.04931232907893623,-0.07258885484235361,-0.04931232907893623
49,0,-0.8055855019657949,-1.0595029259217945,-0.8055855019657949
49,1,0.3465596252127699,-0.021871517887436603,0.3465596252127699
49,1,0.1928916344067675,-0.9672258612313812,0.1928916344067675
49,1,-0.12676854121399247,0.36065635385348216,-0.12676854121399247
49,1,-0.44720417477082236,-0.22202057612814946,-0.44720417477082236
49,0,-1.457868465444914,-1.6019768141350559,-1.457868465444914
49,0,-0.47701608166799003,-0.39280789931420595,-0.47701608166799003
49,1,0.08720704056617597,-0.3021727847051505,0.08720704056617597
49,0,-1.3252053304118563,-1.6558130692179716,-1.3252053304118563
49,1,-0.23712527730694163,0.07514101379833066,-0.23712527730694163
49,1,-0.04496820573003704,-0.08182558719565172,-0.04496820573003704
49,1,0.054561614038624986,-0.2724611933068163,0.054561614038624986
49,0,-0.9553713036697382,-0.9878104613473397,-0.9553713036697382
49,1,0.5220704825049594,-0.1506804019230019,0.5220704825049594
49,0,-0.6760553768151677,-0.323331621117811,-0.6760553768151677
49,0,-0.8133900973481163,-0.550671639822416,-0.8133900973481163
49,1,0.15874138128629917,-0.21352560152964933,0.15874138128629917
49,1,-0.7148641939778283,-0.36388847876641145,-0.7148641939778283
49,1,-0.29320785720999737,-0.4368708372121042,-0.29320785720999737
49,0,-0.8909311749342131,-0.8356823306143246,-0.8909311749342131
49,1,0.48324212005569317,0.6965093672097236,0.48324212005569317
49,1,-0.2414852124259031,-0.1604561259263279,-0.2414852124259031
49,0,-0.4490610817988153,-0.43627827254562906,-0.4490610817988153
49,1,-0.4586684547692809,-0.27541882088776337,-0.4586684547692809
49,0,-0.533823330582069,0.06086994505268006,-0.533823330582069
49,1,1.2175311325052884,0.8384344300280333,1.2175311325052884
49,1,-1.4557262391526657,-1.292400790150908,-1.4557262391526657
49,1,-0.6604819230088762,-0.4580110668785247,-0.6604819230088762
49,1,-0.5851518208196564,-0.6587600257657603,-0.5851518208196564
49,1,0.2810854826955086,0.28078391260662966,0.2810854826955086
49,0,-0.07404116127789623,-0.031863171944112534,-0.07404116127789623
49,1,-0.37401755647942353,-0.3711722687871701,-0.37401755647942353
49,0,-0.7533731246116856,-0.11597951444740534,-0.7533731246116856
49,0,-1.0771693553593902,-1.0362407214172764,-1.0771693553593902
49,1,-0.6572204801573563,-0.9864504942340184,-0.6572204801573563
49,0,-0.27183909492457575,-0.2122129780331296,-0.27183909492457575
49,1,0.24378935543560779,0.28058188431182,0.24378935543560779
49,1,-0.1693248133817027,-0.44137189731386484,-0.1693248133817027
5,1,0.36916542597953433,0.11047360297991465,0.36916542597953433
5,0,-0.9418597989999854,-0.3302796796678107,-0.9418597989999854
5,1,1.4952188269451279,1.166615257985145,1.4952188269451279
5,0,-0.6697346512079035,-0.6712685548213403,-0.6697346512079035
5,0,0.14033071690826968,0.7350795180231681,0.14033071690826968
5,1,0.6435417139464642,0.6818782110835143,0.6435417139464642
5,1,0.7261307155000151,0.6587436474521466,0.7261307155000151
5,0,-2.052432415969909,-2.371187412078804,-2.052432415969909
5,0,-1.9162886479140955,-1.790676722094937,-1.9162886479140955
5,1,1.5690926742816527,1.3220478269959193,1.5690926742816527
5,0,-0.8409105420917684,-1.3763839494932766,-0.8409105420917684
5,1,0.7406906440153553,0.5031621808424105,0.7406906440153553
5,0,-1.0788831573532818,-0.7974031423993613,-1.0788831573532818
5,1,0.9881350728466679,0.7282039292145351,0.9881350728466679
5,0,1.150757726230963,1.0151252328576947,1.150757726230963
5,1,0.7233607868264046,0.6779365094831353,0.7233607868264046
5,1,1.709653991511717,1.799017096565607,1.709653991511717
5,0,-1.5589714646343662,-0.9062563386696484,-1.5589714646343662
5,0,-1.560065791083349,-1.2347657294648429,-1.560065791083349
5,0,-0.4532698684480348,-1.0949775020838524,-0.4532698684480348
5,1,0.9234492918226525,0.4437207791531781,0.9234492918226525
5,1,0.575090452237527,0.06023536679142172,0.575090452237527
5,0,-0.15833150667013637,0.11490589220171885,-0.15833150667013637
5,1,1.055760192494953,0.6802767604366392,1.055760192494953
5,1,0.861219195279825,0.289432585283215,0.861219195279825
5,1,0.7384164739384613,0.19900861874791387,0.7384164739384613
5,1,-0.004245768113085132,-0.10198290286463019,-0.004245768113085132
5,1,0.5573054466318043,0.2622312814827441,0.5573054466318043
5,1,0.8439759556746785,0.7084957576223903,0.8439759556746785
5,0,-0.5730754537090273,0.023168359870282346,-0.5730754537090273
5,1,0.7987324423997482,0.26330312283330376,0.7987324423997482
5,1,-0.32834538310509154,-0.860186085809345,-0.32834538310509154
5,0,-0.05562301676672213,0.1343112279946583,-0.05562301676672213
5,0,-0.8323271220584592,-0.7023572025181484,-0.8323271220584592
5,1,0.04064844521409006,-0.008754815420283474,0.04064844521409006
5,0,-1.4506367094008557,-1.2949913263478794,-1.4506367094008557
5,0,-1.4335523472996985,-0.5112001571564676,-1.4335523472996985
5,1,0.5052353883083135,0.7754407818786428,0.5052353883083135
5,1,0.8593079492110547,0.8177296815896915,0.8593079492110547
5,0,-0.8691380755685452,-1.0844052904086563,-0.8691380755685452
5,0,-0.07614843661527623,0.37617237101859324,-0.07614843661527623
5,1,0.4759339120728745,0.45210852102715415,0.4759339120728745
5,1,-0.01559471520050122,-0.2124082251148521,-0.01559471520050122
5,0,-1.8846862774833473,-1.8414954269679316,-1.8846862774833473
5,1,-0.49095978345281716,-0.49538557406035805,-0.49095978345281716
5,1,0.907744103832644,0.5443616595134271,0.907744103832644
5,1,0.3825150925321792,0.24513828335971183,0.3825150925321792
5,1,0.29482587157945206,0.23682585473049378,0.29482587157945206
5,0,-1.1348989007601837,-0.31796473084858584,-1.1348989007601837
5,1,0.04720746087722228,-0.302693026912184,0.04720746087722228
5,0,-0.8141476999050687,-0.6175350737062468,-0.8141476999050687
5,0,0.032493819555777397,0.3875923155920078,0.032493819555777397
5,0,-0.45527926015169046,-0.6652021630387923,-0.45527926015169046
5,0,-0.772174589921362,-1.5229807278928156,-0.772174589921362
5,0,-0.9843783954007536,-1.1989645652280798,-0.9843783954007536
5,1,0.647007989305601,0.2717162140863275,0.647007989305601
5,0,-0.8624274922338135,-0.8320633499956551,-0.8624274922338135
5,1,-0.018449263699063856,-0.21997969158547284,-0.018449263699063856
5,0,-0.15624216531222218,-0.2512028519678744,-0.15624216531222218
5,1,0.5780579821867128,0.2970115634555342,0.5780579821867128
5,0,-0.5410680818837098,-0.37009621804812126,-0.5410680818837098
5,1,-0.36876210139239485,-0.7407206947860121,-0.36876210139239485
5,1,0.8010907148493015,0.03394038495100432,0.8010907148493015
5,0,-1.5543633882158856,-1.028351657663095,-1.5543633882158856
5,0,-0.27897726415394924,0.09748274626250089,-0.27897726415394924
5,1,1.0423669027490128,0.581256513828887,1.0423669027490128
5,0,-2.4228110907253737,-2.522237816248135,-2.4228110907253737
5,1,0.5018265960038852,0.6809357522341574,0.5018265960038852
5,1,1.0354543689194342,0.7510880940116323,1.0354543689194342
5,0,-1.1075635860368465,-1.0644152007668004,-1.1075635860368465
5,1,0.8164998939276884,0.6414707864672242,0.8164998939276884
5,0,-1.014926158758516,-1.1403678108019006,-1.014926158758516
5,0,-1.1520004501374979,-0.86135153043041,-1.1520004501374979
5,1,0.6541115743817314,0.3833399526403839,0.6541115743817314
5,0,-0.06840208409103016,-0.314677516216708,-0.06840208409103016
5,0,-0.2164542503131993,-0.528587354013895,-0.2164542503131993
5,1,1.4317395088669744,1.2009808909259794,1.4317395088669744
5,0,1.1945024880648951,1.7378342587766213,1.1945024880648951
5,0,-1.0658392723555612,-1.3200134602328726,-1.0658392723555612
5,0,-2.1519448585115724,-2.459371222798403,-2.1519448585115724
5,0,-0.3112787060822974,-0.5443591783006743,-0.3112787060822974
5,0,-1.39275373612022,-1.514849219296677,-1.39275373612022
5,1,1.3133950516802702,1.0742296848219504,1.3133950516802702
5,0,-0.6369741832456016,-0.5998932291110541,-0.6369741832456016
5,1,0.5981197254807066,0.2146935084320547,0.5981197254807066
5,1,1.4994401896500722,1.389733692135907,1.4994401896500722
5,0,-0.5136817817344551,-0.08611382704531806,-0.5136817817344551
5,1,0.7289807117284065,0.3295877302069802,0.7289807117284065
5,0,0.17196894219789144,-0.08522950175583155,0.17196894219789144
5,0,0.13723242217966253,0.250949351072296,0.13723242217966253
5,0,-0.43001459300343486,-0.48260429413865946,-0.43001459300343486
5,1,-0.5486774864011364,-0.23246374328251096,-0.5486774864011364
5,0,-1.4096025067774665,-0.7335222528339931,-1.4096025067774665
5,1,0.016888198556952363,-0.17341062608041752,0.016888198556952363
5,1,0.4074505028214909,1.076005057614038,0.4074505028214909
5,0,-0.42876649807310074,0.209192351882179,-0.42876649807310074
5,1,0.9906605544371284,0.6270425445143765,0.9906605544371284
5,1,0.17975652060481023,-0.3942018569428297,0.17975652060481023
5,1,0.7548218338309457,0.5840716204803077,0.7548218338309457
5,0,-1.170580734067115,-0.5427834062369896,-1.170580734067115
5,0,-0.5210391935352969,-0.24191711496143042,-0.5210391935352969
5,1,0.5726113972527838,0.42735552760015105,0.5726113972527838
5,0,-0.3718984386895694,-0.33427988185678975,-0.3718984386895694
5,0,-0.9920960063976453,-0.7674950826481859,-0.9920960063976453
5,1,0.6582155605665779,0.37724181459705397,0.6582155605665779
5,1,0.4512343290285181,0.037779940801337945,0.4512343290285181
5,0,-0.6296685428741601,-0.7260705599264009,-0.6296685428741601
5,1,0.7261492651822091,0.07765783585161362,0.7261492651822091
5,0,-0.13117781115155752,0.27888474199024244,-0.13117781115155752
5,0,-1.0532228684520182,-0.895647288522002,-1.0532228684520182
5,1,0.7090726059151835,0.3680185925346183,0.7090726059151835
5,1,0.4373158317553727,0.1394197884681897,0.4373158317553727
5,0,-1.0056927138449334,-0.37160021436847385,-1.0056927138449334
5,0,0.24609417964833089,0.13070810237202463,0.24609417964833089
5,1,-0.4164835430470764,-0.4621851461487329,-0.4164835430470764
5,0,-1.0405172793532937,-0.30902589443632955,-1.0405172793532937
5,0,-0.22081533823726884,-0.16664384490983442,-0.22081533823726884
5,0,-1.2719347303687405,-1.3742143434653706,-1.2719347303687405
5,0,-1.2886795389653292,-0.658098843720014,-1.2886795389653292
5,1,0.818796700904887,1.0303638143123675,0.818796700904887
5,1,0.015750212889514652,-0.08156696000664965,0.015750212889514652
5,0,-1.1324830404554573,-0.23930274668720358,-1.1324830404554573
5,1,0.8935675354159802,0.9015487388350318,0.8935675354159802
5,1,0.437234139793394,0.3625525833919361,0.437234139793394
5,1,0.8303978503098167,0.23500558013337114,0.8303978503098167
5,0,-1.6413318439748874,-1.3779420570535679,-1.6413318439748874
5,1,0.30305910086105897,-0.5132534430377264,0.30305910086105897
5,0,-0.43272525701444237,0.24402506209441063,-0.43272525701444237
5,0,-1.7161801260291523,-1.172532228184398,-1.7161801260291523
5,1,0.5436574917574378,0.04002067258627325,0.5436574917574378
5,0,-0.5480439675940018,-0.8554463219621752,-0.5480439675940018
5,1,0.4069670320792222,0.11243464459216061,0.4069670320792222
5,0,-1.062158784847246,-1.1883024293347584,-1.062158784847246
5,1,0.18956770427836525,0.007919526014615597,0.18956770427836525
5,1,0.3061693952428369,-0.1908240512482105,0.3061693952428369
5,0,0.5717121044679991,1.1040006759292464,0.5717121044679991
5,0,-0.5107622503979522,-0.47318560486342703,-0.5107622503979522
5,1,0.042993558655335565,-0.526892966571493,0.042993558655335565
5,0,-0.7320629981860807,-0.027954454886557567,-0.7320629981860807
5,0,-0.9724719098428731,-0.7164207420267923,-0.9724719098428731
5,0,-0.33368027694411495,-1.1281415446343306,-0.33368027694411495
5,0,-0.8124425439494879,-0.5912797973743844,-0.8124425439494879
5,1,1.6550561983877818,1.0879494704856514,1.6550561983877818
5,0,-0.8884704600307352,-0.3502142428254821,-0.8884704600307352
5,1,-0.15745997290835248,-0.6691127747920321,-0.15745997290835248
5,0,-1.929221025217723,-1.3509565030940838,-1.929221025217723
5,0,-1.4466659246062272,-1.3152676125237608,-1.4466659246062272
5,0,-0.21160959994645467,-0.45311098572450437,-0.21160959994645467
5,1,0.8224008936751387,0.5781073160828487,0.8224008936751387
5,0,-0.7935898836129652,-0.5874193572256269,-0.7935898836129652
5,0,-0.41610702117870035,-0.35473153467092045,-0.41610702117870035
5,0,-1.5015334741254585,-1.2853189741986115,-1.5015334741254585
5,0,-1.5761903905317782,-1.0988104097140965,-1.5761903905317782
5,1,-0.650331316831333,-1.146907010216492,-0.650331316831333
5,0,-1.093606888994437,-0.49385571803552175,-1.093606888994437
5,0,-2.6312705328134145,-2.60161033510769,-2.6312705328134145
5,1,0.465535662398018,0.6627203629790759,0.465535662398018
5,1,0.1580708810152988,-0.2151043822694534,0.1580708810152988
5,0,-0.9537000506643821,-0.1626957362623597,-0.9537000506643821
5,0,-0.7712132552616685,-0.3845152034928307,-0.7712132552616685
5,1,0.041237888875926956,-0.26177733150215565,0.041237888875926956
5,1,0.07126649038327289,0.6836886998414753,0.07126649038327289
5,0,-1.07920688598773,-1.3170109290506686,-1.07920688598773
5,1,0.042740144582452635,0.1359246016398552,0.042740144582452635
5,1,0.5899777774035685,-0.3606804817071143,0.5899777774035685
5,1,-0.8925343076377268,-1.201044643948908,-0.8925343076377268
5,1,-0.6496255905042453,-1.0344834562800103,-0.6496255905042453
5,0,-2.429440348899752,-1.8655210407784293,-2.429440348899752
5,0,-1.9737700258152537,-2.1728694522091887,-1.9737700258152537
5,1,0.30009518652789413,0.4493313128000129,0.30009518652789413
5,0,-0.16165141508071826,-0.23322266726781687,-0.16165141508071826
5,1,-0.584659730239193,-1.0814629908352993,-0.584659730239193
5,1,0.41625602123892264,0.4140225997386701,0.41625602123892264
5,1,0.5671404986111203,0.31154070724394245,0.5671404986111203
5,0,-2.263398685165752,-1.8661244339345426,-2.263398685165752
5,1,-0.017059026588894858,0.03242445676211725,-0.017059026588894858
5,0,-0.7340821887331552,-1.0399747801241412,-0.7340821887331552
5,0,-0.925131339275839,-1.1066023664361133,-0.925131339275839
5,1,0.2760319257030944,0.5152765255135924,0.2760319257030944
5,1,0.4089651053327255,0.30174550575041514,0.4089651053327255
5,1,-0.6809647021684885,-0.5623079766986546,-0.6809647021684885
5,0,-0.5890475684817938,-0.9106413584497632,-0.5890475684817938
5,1,0.47265512474450094,0.6256273573295466,0.47265512474450094
5,1,-0.10260012622325257,-0.36295638292506466,-0.10260012622325257
5,0,0.375493618619885,0.32731114537850053,0.375493618619885
5,1,-0.6466844702720815,-1.288306114230696,-0.6466844702720815
5,0,-1.8885620082567895,-1.6766023973059418,-1.8885620082567895
5,1,-0.7653469968681579,-0.8704255278978493,-0.7653469968681579
5,1,0.13543411171131214,0.11060855780273322,0.13543411171131214
5,1,-0.3845740810555993,-0.7093759642908488,-0.3845740810555993
5,1,-0.0033454412424683997,-0.3965599884439408,-0.0033454412424683997
5,1,0.9016889426021011,0.5890859824520556,0.9016889426021011
5,0,-0.752288125404032,-1.1249217857940228,-0.752288125404032
5,1,0.4242994044793179,0.37910453454347626,0.4242994044793179
5,0,-1.3557193480200909,-0.8701359092505762,-1.3557193480200909
5,0,-2.0373656724088614,-2.4382954672643056,-2.0373656724088614
5,1,0.020013259979163284,0.3102659079644321,0.020013259979163284
5,0,-1.0371299187438296,-1.3967948010262952,-1.0371299187438296
5,1,-1.4399480052389892,-1.6181919860884952,-1.4399480052389892
5,1,-0.1883377660284838,-0.5125070519142447,-0.1883377660284838
6,0,0.382774945283592,-0.08458360721601313,0.382774945283592
6,1,0.022398728149221413,0.006202728137080449,0.022398728149221413
6,0,-2.27182317529484,-1.1514479271661555,-2.27182317529484
6,0,-1.32535592867916,-0.19084174565905554,-1.32535592867916
6,1,0.8100436089197578,0.00924852690127781,0.8100436089197578
6,1,0.29126883901816825,0.05966256951410548,0.29126883901816825
6,0,-0.2860802728275256,-0.05381890081149987,-0.2860802728275256
6,1,-0.024105115510258623,-0.034206907158428015,-0.024105115510258623
6,0,-0.7138842048354764,-0.9237508380560913,-0.7138842048354764
6,0,-1.1756620893827041,-1.5953468807745654,-1.1756620893827041
6,1,0.4363164545271118,0.7136181979366344,0.4363164545271118
6,1,0.18084865934409927,0.07613908851743767,0.18084865934409927
6,0,-1.2458666628606017,-1.1856805310510596,-1.2458666628606017
6,0,-1.6600197579814158,-1.0377972148119599,-1.6600197579814158
6,1,0.0687903960116482,-0.45217469684268985,0.0687903960116482
6,0,-0.4907999627446483,-1.2418099041003876,-0.4907999627446483
6,0,0.2396258425869974,-0.11976104911271102,0.2396258425869974
6,0,-1.38431960434841,-2.311251841778942,-1.38431960434841
6,0,-1.649377585225731,-1.2946411790577903,-1.649377585225731
6,1,0.5810046568434882,0.3000000579230262,0.5810046568434882
6,1,0.6712248614110554,0.7602760359287651,0.6712248614110554
6,0,-0.8680866649097231,-1.1830759481435464,-0.8680866649097231
6,1,0.2577540959136577,0.40717857892006426,0.2577540959136577
6,1,0.5059807292109343,0.06776522642411242,0.5059807292109343
6,1,1.7907894630246468,1.4527702224787595,1.7907894630246468
6,0,-0.5195294380455395,-0.9450751262602071,-0.5195294380455395
6,1,0.9402326669901303,0.485910236443315,0.9402326669901303
6,0,-1.7373579942687185,-1.4282775745904563,-1.7373579942687185
6,0,-0.8633101217447628,-1.834539669380248,-0.8633101217447628
6,1,-0.6373383648592978,-0.45786663284336393,-0.6373383648592978
6,0,-0.9832861649610581,-1.1068520020963,-0.9832861649610581
6,1,0.47088782211354696,0.3936707001138049,0.47088782211354696
6,0,0.14228221945541727,0.32755519067111966,0.14228221945541727
6,1,-0.2308068573098937,-0.747975664049014,-0.2308068573098937
6,1,0.4057460542690446,-0.025607633284850106,0.4057460542690446
6,0,0.5509872362356851,0.7212276463648966,0.5509872362356851
6,0,-0.3182957521749718,-0.9882548408159386,-0.3182957521749718
6,1,-0.1587611230737754,-0.3841383037197984,-0.1587611230737754
6,0,-0.5063821149894828,-1.1401242344736031,-0.5063821149894828
6,0,-0.5811604951340109,-1.2184180511104679,-0.5811604951340109
6,0,-0.5438565078392821,-0.6437638652111844,-0.5438565078392821
6,0,-0.5769863974384989,-1.296895867111765,-0.5769863974384989
6,1,0.6218568734604936,0.13329969052351298,0.6218568734604936
6,0,-0.5177108879875071,-0.8528926685312864,-0.5177108879875071
6,1,0.05732467500680451,-0.5375308751229003,0.05732467500680451
6,0,-0.34424136034049096,-0.47117157820163885,-0.34424136034049096
6,0,-1.183836525603798,-1.9063276055234493,-1.183836525603798
6,0,-0.8033692865456992,-1.6936167372893012,-0.8033692865456992
6,1,0.481774284751685,0.8448450918494506,0.481774284751685
6,0,-1.2619277532276207,-1.0794480969175018,-1.2619277532276207
6,0,-1.2323901615459494,-0.39757797828033714,-1.2323901615459494
6,0,-1.2298483310830466,-0.463424872340205,-1.2298483310830466
6,0,-0.4417536598194794,-0.002940846339070824,-0.4417536598194794
6,1,1.197869307783342,1.3631531655079965,1.197869307783342
6,0,-1.9079593166066584,-0.024110321747907504,-1.9079593166066584
6,0,-1.448916724179566,-1.0407547669244535,-1.448916724179566
6,1,1.1260207294208253,-0.0024150161165234496,1.1260207294208253
6,1,1.0726582193704546,-0.2214894453990867,1.0726582193704546
6,0,0.9160679855159336,1.2435409685959762,0.9160679855159336
6,0,-0.28622018144746353,0.06099089631667837,-0.28622018144746353
6,1,0.5888291643140405,-0.24820907607297932,0.5888291643140405
6,1,0.819042248392913,-0.4843779374026113,0.819042248392913
6,0,-0.9001112764114301,-0.0028667602174471396,-0.9001112764114301
6,1,1.1684050764267317,0.8023777339704692,1.1684050764267317
6,1,1.0737245640954498,1.0198897578358201,1.0737245640954498
6,1,1.0522944411381379,0.48474075736257083,1.0522944411381379
6,1,0.5114674527227181,0.599131440932011,0.5114674527227181
6,0,-1.0306706469226645,-1.2536429814388899,-1.0306706469226645
6,0,-1.0368868864669487,-1.4019050738316043,-1.0368868864669487
6,1,1.3093734386604208,0.8027430363127726,1.3093734386604208
6,0,0.7156777599827558,1.0091342087394501,0.7156777599827558
6,1,0.13512378443624568,-0.07105371276330533,0.13512378443624568
6,1,0.9625134553167579,0.42031019572575534,0.9625134553167579
6,1,0.48841638098294893,0.4907699178968177,0.48841638098294893
6,0,-0.9439832660091111,-1.4655524597036345,-0.9439832660091111
6,1,0.25398298220377596,-0.3586742849564381,0.25398298220377596
6,0,-0.46359009417716557,-0.9094697495858364,-0.46359009417716557
6,0,-0.37492337309311546,-0.808506044194233,-0.37492337309311546
6,1,0.9507751745041961,0.3564237652713647,0.9507751745041961
6,1,0.12614340644400757,-0.32659480519933076,0.12614340644400757
6,1,0.48646735434677213,0.0595069850384667,0.48646735434677213
6,0,0.34318112024254543,0.6206613790098142,0.34318112024254543
6,1,0.9246331178682098,1.4815083863094454,0.9246331178682098
6,1,0.23803992335975696,0.07330166996670479,0.23803992335975696
6,0,-1.2721015727080223,-0.8586340242233194,-1.2721015727080223
6,1,-0.591280761577118,-1.2042973653526947,-0.591280761577118
6,0,-1.1706643648376847,-0.7783427338754892,-1.1706643648376847
6,1,-0.343560026321486,-0.7485576904543901,-0.343560026321486
6,1,0.7827041021778457,0.30963502038077934,0.7827041021778457
6,1,0.08574401953349992,-0.0753135712691676,0.08574401953349992
6,1,0.5893163816729106,0.9113163862975486,0.5893163816729106
6,1,0.3566139721637864,0.02026119686435604,0.3566139721637864
6,0,-0.7648430638352204,-1.2442652561936827,-0.7648430638352204
6,1,0.16725999533245178,-0.4437723777163408,0.16725999533245178
6,0,-0.9915550264005519,-1.171726375778198,-0.9915550264005519
6,0,0.028820225953009194,-0.6008324289617316,0.028820225953009194
6,1,-0.10466088325450902,-0.07537903529988965,-0.10466088325450902
6,0,-1.5016129128774531,-2.1351536502789146,-1.5016129128774531
6,1,0.7043146648326495,-0.28648564930623444,0.7043146648326495
6,1,-0.11662688237609525,-1.2202592681396955,-0.11662688237609525
6,0,-0.8220040667167904,-1.2158972407461675,-0.8220040667167904
6,1,0.7699812734027318,-0.04144275972130611,0.7699812734027318
6,0,-1.3024652016498817,-1.0956036718481375,-1.3024652016498817
6,0,-0.6090379426595497,-1.1158858079426999,-0.6090379426595497
6,1,-0.9156245747511715,-0.958170941533359,-0.9156245747511715
6,1,1.0415784888555346,0.8892678690586299,1.0415784888555346
6,0,-0.7502897901493677,-0.748386030343194,-0.7502897901493677
6,1,1.3155176802856807,0.902035920182076,1.3155176802856807
6,0,-1.3451703428772337,-0.71004814249669,-1.3451703428772337
6,0,0.7920512555952731,-0.17245256516483165,0.7920512555952731
6,1,1.7839430582880877,0.5469906271606977,1.7839430582880877
6,1,1.4789256035495226,1.103772470999052,1.4789256035495226
6,0,0.0895011947816201,0.2127803616477798,0.0895011947816201
6,0,0.2519430935649878,1.1093888024206504,0.2519430935649878
6,1,0.484498572823061,-0.1929568882149511,0.484498572823061
6,0,-0.6764157332119143,-0.6124841851992451,-0.6764157332119143
6,0,-1.050619624916993,-0.6899339131906694,-1.050619624916993
6,0,-0.7024219160458409,-0.23007811021782543,-0.7024219160458409
6,0,0.04798885313958734,0.0932487030055843,0.04798885313958734
6,1,1.3197545534593522,0.3873314962006788,1.3197545534593522
6,1,1.2560698264710277,0.4073098082566037,1.2560698264710277
6,0,-1.831286248866731,-0.7422418850384817,-1.831286248866731
6,1,1.1003738549790014,0.6612929546794906,1.1003738549790014
6,1,1.0450989460547524,0.7033721369357321,1.0450989460547524
6,1,1.4804644935683757,0.647811445512669,1.4804644935683757
6,0,-0.25271560398799725,-0.39230271442464804,-0.25271560398799725
6,1,2.26587281452867,0.8964547878228604,2.26587281452867
6,0,-0.543291423735383,-0.39910937747597425,-0.543291423735383
6,0,-0.4140783723897162,-0.3310195244221215,-0.4140783723897162
6,1,1.2876898033797906,0.8710791801944973,1.2876898033797906
6,0,0.6266144477414023,0.24988138982475,0.6266144477414023
6,1,0.1330665644206618,-0.9526636222933621,0.1330665644206618
6,0,-1.8877657343284835,-0.6658232880621464,-1.8877657343284835
6,1,1.3204474941297866,0.2836272014466238,1.3204474941297866
6,1,0.6860855672591462,0.5416565481887253,0.6860855672591462
6,0,-1.1790048049943453,-1.7997735585183714,-1.1790048049943453
6,0,0.6402695290473461,-0.11972261075499693,0.6402695290473461
6,1,2.2353955818834303,1.210391120784411,2.2353955818834303
6,0,-0.15078085591304882,-0.8051779033584838,-0.15078085591304882
6,0,-0.724040837039721,-1.2497710754381546,-0.724040837039721
6,0,-0.3373335949320415,-0.4950105902302269,-0.3373335949320415
6,0,-1.605021207881718,-1.6442618595953342,-1.605021207881718
6,1,-0.8666436673157714,-0.5637822978555842,-0.8666436673157714
6,0,-2.061991685527228,-1.0710754402607,-2.061991685527228
6,1,1.7339448527450187,0.9691806795710487,1.7339448527450187
6,0,-1.5180391280623478,-1.577653816160705,-1.5180391280623478
6,0,-1.3892923863829088,-0.06885661162937634,-1.3892923863829088
6,0,-1.8593996022375734,-1.5946814791009536,-1.8593996022375734
6,1,1.1741123001155562,-0.15901961622992541,1.1741123001155562
6,0,-1.1097332700507607,-0.5267087777627808,-1.1097332700507607
6,0,-0.9253370625874032,-0.48910358721200925,-0.9253370625874032
6,0,-0.20771445488698745,-0.6663425073112033,-0.20771445488698745
6,0,1.4226608542392705,1.628296592235,1.4226608542392705
6,1,1.2938303769887975,0.964802169409923,1.2938303769887975
6,0,-0.9650292952644961,-1.4922564839968806,-0.9650292952644961
6,0,-1.2950115830227455,-0.9849506888465209,-1.2950115830227455
6,1,0.14382744990236493,-0.45886266838577566,0.14382744990236493
6,1,1.3765272706204204,0.9169228766924115,1.3765272706204204
6,0,-0.5748560135987246,0.34176310676990485,-0.5748560135987246
6,0,-0.8152990902069026,-1.2809429871637121,-0.8152990902069026
6,1,1.7541458758561643,0.587407548508377,1.7541458758561643
6,1,0.5868564527729154,0.2036112256340215,0.5868564527729154
6,0,0.8301463815955537,1.2273463846828006,0.8301463815955537
6,1,-0.0802394799427727,-0.5258679457185312,-0.0802394799427727
6,1,-0.24753078441395593,-0.5588692112248632,-0.24753078441395593
6,1,0.05989170343135983,-0.5376631639443605,0.05989170343135983
6,1,0.20520695967622501,-0.7201737930368113,0.20520695967622501
6,0,-0.8257487969097662,-1.1027776136332212,-0.8257487969097662
6,0,1.0151389037011933,1.0821732607136703,1.0151389037011933
6,1,0.40699006198126814,-0.7868042667521382,0.40699006198126814
6,0,0.40333999280773714,-0.6059412421062877,0.40333999280773714
6,1,0.04997500206525375,-0.4453403599955058,0.04997500206525375
6,1,0.6351967673698357,0.6087659962174359,0.6351967673698357
6,1,1.3276843853965994,0.8372562536799226,1.3276843853965994
6,0,-0.9166408248541964,-0.985334849559101,-0.9166408248541964
6,1,0.3475240514861624,-0.9533511035966847,0.3475240514861624
6,0,-2.1787838382356393,-2.1068459484924107,-2.1787838382356393
6,0,-0.8087342843181138,-1.8174155237398535,-0.8087342843181138
6,1,1.1203041784906715,0.490207692636704,1.1203041784906715
6,1,-0.3673646658003292,-1.1389695196801641,-0.3673646658003292
6,1,0.8953870810784241,0.39629962655082046,0.8953870810784241
6,0,-1.1613586076036846,-0.8909001348420877,-1.1613586076036846
6,1,0.7330776238819078,0.16499820701946133,0.7330776238819078
6,1,0.6570981256152009,0.08813818599748124,0.6570981256152009
6,0,-1.7805862994142205,-1.6507994205448466,-1.7805862994142205
6,1,0.5703592876736403,0.019670081773561138,0.5703592876736403
6,0,-1.1645607857926015,-1.3655487594983722,-1.1645607857926015
6,1,0.27284538898348526,-0.13977166203481783,0.27284538898348526
6,1,-1.0658881093719592,-2.0040103446964497,-1.0658881093719592
6,1,1.2117930974799382,0.3239908187471053,1.2117930974799382
6,1,0.22782109207990706,0.1978287320668165,0.22782109207990706
6,1,0.7865610212679328,1.3202384486169405,0.7865610212679328
6,0,-0.5983935690941132,-0.889065105018358,-0.5983935690941132
6,1,0.5031095108885073,-0.5384079764736311,0.5031095108885073
6,0,-1.1948225486830903,-0.39017368790591,-1.1948225486830903
6,0,-0.30519325751755066,-1.2369427409959315,-0.30519325751755066
6,1,1.4831566078971892,0.3304874252753698,1.4831566078971892
6,0,0.0919719836297359,-0.07867697544584129,0.0919719836297359
6,1,1.4885819183368505,0.38291038244869796,1.4885819183368505
6,1,1.2695341709318126,0.9484860852732524,1.2695341709318126
9,0,-0.6613440640290406,-0.5893130555605232,-0.6613440640290406
9,1,0.9272038732592794,0.07341748026955074,0.9272038732592794
9,0,-0.6113953243051559,-0.30482963529809504,-0.6113953243051559
9,0,-1.2421330415168492,-0.4736828634951287,-1.2421330415168492
9,1,0.6756901471968279,-0.0030602484237649275,0.6756901471968279
9,1,-0.46480494116017734,-0.39844457785921084,-0.46480494116017734
9,0,-1.0573182609987861,-0.6629800479602594,-1.0573182609987861
9,1,0.4965042520204705,0.15933939365349634,0.4965042520204705
9,0,-0.32412082398598385,0.26416486885564394,-0.32412082398598385
9,0,0.03240632099306948,0.011657510524027366,0.03240632099306948
9,1,1.2811626208577116,0.6418354099977863,1.2811626208577116
9,1,-0.22791087987775863,-0.08556262488456512,-0.22791087987775863
9,0,-0.7853584359392527,-0.10977850510447557,-0.7853584359392527
9,0,-0.6544180109395581,-0.1285542224284218,-0.6544180109395581
9,1,0.11353284516635326,0.10070546780786749,0.11353284516635326
9,0,-0.5492734866420257,-0.1877171349659871,-0.5492734866420257
9,0,-1.7085018152064004,-0.8350699591351158,-1.7085018152064004
9,0,-1.5241192318034116,-0.9136843444339421,-1.5241192318034116
9,0,-0.32601171256454975,0.1571344756925798,-0.32601171256454975
9,1,1.0295658404272443,0.320214788816538,1.0295658404272443
9,1,0.009218301246480896,-0.18838507838826174,0.009218301246480896
9,0,-1.1006876275693342,-0.6251956644477183,-1.1006876275693342
9,1,0.23141794881765265,-0.4811469148554677,0.23141794881765265
9,1,0.24819899217479813,0.150857325454992,0.24819899217479813
9,1,1.4933818844055982,0.6828799943131783,1.4933818844055982
9,0,-0.5221777457802451,-0.6699556319836685,-0.5221777457802451
9,1,1.2564844171080873,0.7774819475849636,1.2564844171080873
9,0,-0.5860921953864754,-0.18106719931026685,-0.5860921953864754
9,0,-1.3553309574991244,-0.5697305561787678,-1.3553309574991244
9,1,0.8181523876499218,0.45326215038105155,0.8181523876499218
9,0,-1.1198950374777594,-0.2860156328916369,-1.1198950374777594
9,1,0.952593567361532,0.48333480602677703,0.952593567361532
9,0,0.3493604700233704,0.034275988900703734,0.3493604700233704
9,1,-0.1108542631975019,-0.2867522177998402,-0.1108542631975019
9,1,0.7319505472878084,-0.27153998648786387,0.7319505472878084
9,0,-0.5035755061533418,-0.7270147388619853,-0.5035755061533418
9,0,-0.15947594084114752,0.02428444619125919,-0.15947594084114752
9,1,-0.2784064160245095,-0.6184474365185318,-0.2784064160245095
9,0,-0.1935350568577855,-0.05295135842289497,-0.1935350568577855
9,0,-0.580415363832319,-1.189287117569549,-0.580415363832319
9,0,0.631728029199786,0.482839487463948,0.631728029199786
9,0,-1.7569837676309208,-0.9757441325436491,-1.7569837676309208
9,1,1.0827407576463874,1.0104492270622223,1.0827407576463874
9,0,-0.1832511837897341,-0.12489345161449361,-0.1832511837897341
9,1,-1.0331873252741175,-0.5696878750055426,-1.0331873252741175
9,0,-0.5357945225164606,-0.742587936918035,-0.5357945225164606
9,0,-1.5658975177238488,-1.0020427268169874,-1.5658975177238488
9,0,-1.4749292474415872,-0.7487285115770996,-1.4749292474415872
9,1,1.5149236198574674,0.8759805948158094,1.5149236198574674
9,0,-0.7884445476138765,-0.25654547858925414,-0.7884445476138765
9,0,-1.106360895907702,-0.3074273413268759,-1.106360895907702
9,0,-0.018974425376065963,-0.2562052982581799,-0.018974425376065963
9,0,-1.654575269056774,-0.7702670534994003,-1.654575269056774
9,1,0.5097857720711568,0.02881659426027853,0.5097857720711568
9,0,-1.0758312630302758,-0.5995601111015622,-1.0758312630302758
9,0,-0.3898172220880642,0.22530420478964647,-0.3898172220880642
9,1,-0.06899042079796211,0.5795657348095147,-0.06899042079796211
9,1,-0.3107055785427576,-0.6606885740887217,-0.3107055785427576
9,0,-1.7537499397017633,-0.6401925130457711,-1.7537499397017633
9,0,-1.7352202743964382,-0.6594513738671255,-1.7352202743964382
9,1,-0.38314531012468617,-0.7127355637292666,-0.38314531012468617
9,1,-1.1388425422345396,-2.0519375088784266,-1.1388425422345396
9,0,-2.1459676688265232,-2.356046898313514,-2.1459676688265232
9,1,-0.8665655909698134,-0.819689468026259,-0.8665655909698134
9,1,0.8147810091112747,0.42386205369887153,0.8147810091112747
9,1,0.9539336508994695,0.15452569914797665,0.9539336508994695
9,1,0.9460612496166988,0.5738525417169991,0.9460612496166988
9,0,-1.9027802872582738,-0.721068306208086,-1.9027802872582738
9,0,-1.3929109368167796,-1.1205575500084084,-1.3929109368167796
9,1,-0.1969816559297363,0.4287569127850963,-0.1969816559297363
9,0,-0.5503850527673979,0.12119515704003257,-0.5503850527673979
9,1,0.23535718867250482,0.25775205543601565,0.23535718867250482
9,1,-0.3925407241559574,-0.17728888263394,-0.3925407241559574
9,1,0.479747076969086,0.15371288457422005,0.479747076969086
9,0,-0.8372411634326767,-0.036905717745019,-0.8372411634326767
9,1,0.016840504520619113,0.14322018044443358,0.016840504520619113
9,0,-2.0889222608571565,-0.6257221142248889,-2.0889222608571565
9,0,-0.5566004015077349,-0.8018475167406927,-0.5566004015077349
9,1,0.31155721331636865,0.1718731002318441,0.31155721331636865
9,1,-0.19623537182293618,-0.0840158489668101,-0.19623537182293618
9,1,-1.0861794704833942,-1.0628915480006693,-1.0861794704833942
9,0,-1.6295342460994906,-0.4416528737700141,-1.6295342460994906
9,1,-0.42705549949163113,-0.24554685610963223,-0.42705549949163113
9,1,0.678494555223217,0.6863186679906886,0.678494555223217
9,0,-1.252651340123645,-1.2611129844120414,-1.252651340123645
9,1,-0.12567475186738958,-0.5105127115107884,-0.12567475186738958
9,0,-1.7278741810457487,-0.5700041230629003,-1.7278741810457487
9,1,0.0700986464085324,-0.3812989211878959,0.0700986464085324
9,1,0.8683309023919443,0.8487652060916941,0.8683309023919443
9,1,1.5839216255890385,0.7399953427942481,1.5839216255890385
9,1,0.08516451881572042,-0.047975192956692475,0.08516451881572042
9,1,-0.19310971107306962,-0.016721849114385887,-0.19310971107306962
9,0,-0.9578900780304789,-0.28996930169372653,-0.9578900780304789
9,1,1.6572187559701186,0.9087144410226691,1.6572187559701186
9,0,-0.242532640667079,0.45480737856818054,-0.242532640667079
9,0,0.5045681237516506,0.518337872574514,0.5045681237516506
9,1,0.12101158970482288,0.27612883870513155,0.12101158970482288
9,0,-0.6972603359747743,-0.12086060040002447,-0.6972603359747743
9,1,0.14574985722059097,0.4355533832414283,0.14574985722059097
9,1,0.8978389927428948,0.23475244674773588,0.8978389927428948
9,0,-0.26101470036146257,0.12683537618356003,-0.26101470036146257
9,1,0.6306774045444468,0.49084778229149173,0.6306774045444468
9,0,-0.0925653114587836,0.3029015129789544,-0.0925653114587836
9,0,-0.6115958599937336,-0.24395722965367792,-0.6115958599937336
9,1,1.1072368181889314,0.7324334984876403,1.1072368181889314
9,1,0.7528336642213257,0.2634387834422268,0.7528336642213257
9,0,-0.6185119570391007,-0.3965235522958705,-0.6185119570391007
9,1,1.6230258228605343,0.5764681839100938,1.6230258228605343
9,0,-0.18453760948991263,0.2021497538565945,-0.18453760948991263
9,0,0.13773444260412526,0.3386349931176412,0.13773444260412526
9,1,1.8077138996171707,0.9975675783978409,1.8077138996171707
9,1,0.7620061676648755,0.9031882051792683,0.7620061676648755
9,0,-1.2141833864713576,-0.03603072198392176,-1.2141833864713576
9,0,-1.0671309380789584,-0.234977802093247,-1.0671309380789584
9,1,0.6820304180906975,0.3476580690812323,0.6820304180906975
9,0,-1.2384776013195191,-0.7729732405256846,-1.2384776013195191
9,0,0.1417638370584543,0.46589733894313373,0.1417638370584543
9,0,-0.4375115990228215,-0.22905382044030265,-0.4375115990228215
9,0,-1.3107670752356528,-0.46858088577945384,-1.3107670752356528
9,1,0.720809995923798,0.3350370296079342,0.720809995923798
9,1,0.6057343700213519,0.7284061398746079,0.6057343700213519
9,0,-0.736405195826447,-0.14158949984875913,-0.736405195826447
9,1,1.1216682613349505,1.2605752073522403,1.1216682613349505
9,1,1.1774767094233225,0.9120140961732678,1.1774767094233225
9,1,0.07601598192836682,-0.2780524372058139,0.07601598192836682
9,0,-1.237404234963411,-0.20193016130395774,-1.237404234963411
9,1,1.0480671048067243,0.3579922258704391,1.0480671048067243
9,0,-1.1702711534953574,-0.13090472799053007,-1.1702711534953574
9,0,-0.7431884582832213,0.2839232649523438,-0.7431884582832213
9,1,-0.033297124940239946,-0.2624680367563922,-0.033297124940239946
9,0,-0.8691797337531335,0.05509615548092639,-0.8691797337531335
9,1,0.5631902023072768,0.3353036288069714,0.5631902023072768
9,0,-0.38739538815686864,-0.24827743625414084,-0.38739538815686864
9,1,-0.37302818769551027,0.1069615154317462,-0.37302818769551027
9,1,0.5726320429442653,0.4821006123036608,0.5726320429442653
9,0,-1.2399455414239917,-0.12819964861755562,-1.2399455414239917
9,0,-1.011661833894226,-0.2689174547557114,-1.011661833894226
9,1,1.07152742235987,0.7398097441689486,1.07152742235987
9,0,-0.8362614362914857,0.3329219546616554,-0.8362614362914857
9,0,-0.5503811751502161,0.1219513702502415,-0.5503811751502161
9,0,-1.3481859762395667,0.2598769982563393,-1.3481859762395667
9,0,0.24900569374930928,0.7650061131844335,0.24900569374930928
9,1,-0.16057417110742825,-0.026689304597923458,-0.16057417110742825
9,0,-1.0364873870967588,-0.6326643858779557,-1.0364873870967588
9,1,0.6680582629797931,0.3212992566554514,0.6680582629797931
9,0,0.14911265522121753,0.4902568184314193,0.14911265522121753
9,0,0.5511151452024524,0.9800138783536794,0.5511151452024524
9,0,0.028071878587066747,0.5359965480969564,0.028071878587066747
9,1,-0.6714061662144206,-0.5686834511721115,-0.6714061662144206
9,0,-0.43665875904387014,-0.01429956334399822,-0.43665875904387014
9,0,-0.1745863861958392,0.20407000559085914,-0.1745863861958392
9,0,-1.5396388181710154,-0.021184432202460912,-1.5396388181710154
9,0,-0.9965463581172446,-0.752443404146862,-0.9965463581172446
9,1,1.1815818484132772,0.8249297817330461,1.1815818484132772
9,0,-1.6185961168324166,-0.3950435011108832,-1.6185961168324166
9,0,0.3933061343475056,0.33925201796874394,0.3933061343475056
9,1,0.3997396776546673,0.12153320591048031,0.3997396776546673
9,1,0.07797254109792041,0.2999244476925442,0.07797254109792041
9,0,-1.593786598100933,-0.7169439520656984,-1.593786598100933
9,0,0.6260203339088718,1.126782523176131,0.6260203339088718
9,1,0.2112830416994684,0.3081877869667455,0.2112830416994684
9,1,0.4829092213806124,0.4979155387415397,0.4829092213806124
9,0,-1.2713857855363548,-0.27852639891526576,-1.2713857855363548
9,1,-0.34462186462651323,0.04618748097499689,-0.34462186462651323
9,1,-0.7557728980451307,-0.36144355216541124,-0.7557728980451307
9,1,0.0620914062282878,0.16156165379040668,0.0620914062282878
9,1,0.619038317371414,0.6056560278008942,0.619038317371414
9,0,-0.7197370487695474,-0.1663665778125596,-0.7197370487695474
9,0,-1.2221795571025527,-0.47656163638360055,-1.2221795571025527
9,1,-1.780594264249513,-1.5846488770552456,-1.780594264249513
9,0,-1.2038598071273667,-0.2822681935900337,-1.2038598071273667
9,1,1.7585429889398623,0.965907899033665,1.7585429889398623
9,1,1.579112961081748,1.6098027791941751,1.579112961081748
9,1,1.288193684012496,1.4436924921308187,1.288193684012496
9,0,-0.7785971291797645,-0.1816100926008317,-0.7785971291797645
9,1,-0.4311088670521855,-0.04020968139674515,-0.4311088670521855
9,0,0.6750613444105898,0.9851200660852169,0.6750613444105898
9,0,-1.7656851405868819,-0.40287539025763175,-1.7656851405868819
9,1,-0.29052635392820164,-0.2544015312420891,-0.29052635392820164
9,1,0.36628406821217924,0.7829617908477764,0.36628406821217924
9,1,-0.8826148388843584,0.2026722666834682,-0.8826148388843584
9,0,-0.935918870275609,-0.26232490608395326,-0.935918870275609
9,1,0.09832643533644106,0.41604298763256686,0.09832643533644106
9,1,-0.5266975802077237,-0.45409639474655206,-0.5266975802077237
9,0,-0.9800145040642619,-0.2081997319887438,-0.9800145040642619
9,1,0.2164498093935215,0.4594582369191404,0.2164498093935215
9,0,0.16502503372929134,0.24167460047873135,0.16502503372929134
9,1,0.4965994632423534,0.4380177352078656,0.4965994632423534
9,1,0.08462811073888528,-0.19510350724902487,0.08462811073888528
9,1,0.4280044676965286,0.7532074188072222,0.4280044676965286
9,1,0.38904636227236866,-0.028490350709406947,0.38904636227236866
9,1,0.651208758719296,0.3009164784135894,0.651208758719296
9,0,-0.07429734601305601,0.5170519006079624,-0.07429734601305601
9,1,1.5153891435202123,1.3199600854748104,1.5153891435202123
9,0,-0.659520955150808,0.19921971487573595,-0.659520955150808
9,0,-0.3008304141857029,0.5947385495396083,-0.3008304141857029
9,1,0.7995184458825456,0.8389366786811568,0.7995184458825456
9,0,-1.1886804030671176,-0.37355717269981253,-1.1886804030671176
9,1,0.7343457095008211,1.0875166778379555,0.7343457095008211
9,1,0.6239467519207876,0.22783463010359306,0.6239467519207876
